File: late.FT Src: J1103-5403 Nsub: 1 Nch: 1 Npol: 4 Nbin: 1024 RMS: 0.0548179
0 0 0 2.59983 -0.483126 1.65317 -0.0061434
0 0 1 2.43382 -0.390719 1.44537 -0.0211428
0 0 2 2.14475 -0.384936 1.41709 0.0732061
0 0 3 2.00706 -0.490496 1.32476 0.0156309
0 0 4 1.81272 -0.378813 1.11225 0.0724012
0 0 5 1.64182 -0.353416 1.07366 0.0246603
0 0 6 1.44798 -0.246949 0.970725 0.039015
0 0 7 1.32786 -0.179599 0.811675 0.072241
0 0 8 1.2302 -0.260441 0.843926 -0.00243551
0 0 9 1.16282 -0.171322 0.717129 0.0359518
0 0 10 1.01292 -0.110095 0.716246 0.00256556
0 0 11 0.968972 -0.12903 0.479144 0.155302
0 0 12 0.873269 -0.115311 0.552777 0.00127619
0 0 13 0.939675 -0.160097 0.57796 0.167074
0 0 14 0.825906 -0.0294794 0.482384 0.0885298
0 0 15 0.704812 -0.140142 0.407129 0.0553037
0 0 16 0.670144 -0.185268 0.46913 0.0490171
0 0 17 0.623757 -0.0467142 0.409339 0.144816
0 0 18 0.676003 -0.193658 0.292996 0.0436918
0 0 19 0.67112 -0.201822 0.250142 0.118849
0 0 20 0.547097 -0.114177 0.303011 0.0694982
0 0 21 0.405495 -0.0942215 0.307281 0.10272
0 0 22 0.509988 -0.0390037 0.140427 0.0185339
0 0 23 0.428445 -0.0873054 0.299329 0.0667555
0 0 24 0.474831 -0.0925211 0.154565 0.120302
0 0 25 0.389382 -0.0462602 0.103021 0.107722
0 0 26 0.404519 -0.217243 0.120399 0.0153066
0 0 27 0.418191 -0.0222229 0.0603132 -0.0269488
0 0 28 0.403054 -0.0445598 0.179305 0.0783674
0 0 29 0.410378 0.00170101 0.0793104 -0.0316256
0 0 30 0.492409 -0.0510229 0.170617 -0.0614641
0 0 31 0.341042 -0.16055 0.174888 0.0533697
0 0 32 0.380105 -0.0173477 0.0445547 -0.0409792
0 0 33 0.404031 -0.109301 0.118042 0.055628
0 0 34 0.347878 -0.0124725 0.21038 -0.0592058
0 0 35 0.334695 -0.0857176 0.0609026 0.117884
0 0 36 0.267312 0.00657619 0.0775433 0.00675791
0 0 37 0.276101 -0.0876449 0.0878515 0.130625
0 0 38 0.329812 -0.0628141 0.147348 0.00562876
0 0 39 0.215066 -0.13844 0.0669403 -0.00856191
0 0 40 0.326882 -0.0846971 0.205372 0.0733702
0 0 41 0.323952 0.030954 0.164873 -0.0856569
0 0 42 0.255593 -0.0621341 -0.00301266 -0.0442064
0 0 43 0.330788 0.0223366 -0.00536823 -0.0267885
0 0 44 0.228249 -0.0852636 -0.0626554 0.0848219
0 0 45 0.220437 -0.112136 0.192412 0.0499822
0 0 46 0.263406 0.00544227 -0.0200958 0.135142
0 0 47 0.262429 -0.104426 0.0313005 0.0601446
0 0 48 0.20823 -0.0901397 -0.0320244 0.0274031
0 0 49 0.170144 -0.0532898 0.0703268 0.0472395
0 0 50 0.310769 -0.0111116 0.050004 0.0201475
0 0 51 0.303933 0.140709 0.178275 0.0333692
0 0 52 0.16282 0.0195023 0.0849066 0.150301
0 0 53 0.336648 -0.0435394 0.0204039 -0.0524309
0 0 54 0.280495 0.0378701 0.106113 0.000631506
0 0 55 0.276101 0.0681435 0.040432 0.00982493
0 0 56 0.302956 -0.0285724 0.0239382 0.00934046
0 0 57 0.163796 0.00204052 0.0134821 0.00546854
0 0 58 0.261452 -0.0493215 -0.065012 -0.0467852
0 0 59 0.316628 0.0209757 0.032774 0.0417578
0 0 60 0.253152 -0.0708641 0.00847435 0.147074
0 0 61 0.262429 -0.0378698 0.0591345 0.041918
0 0 62 0.266335 -0.00294815 0.0972776 0.0278875
0 0 63 0.218972 0.0571448 0.0192251 0.0582067
0 0 64 0.15989 -0.0650819 0.0267363 -0.0372713
0 0 65 0.187234 0.0018145 0.0508881 0.104979
0 0 66 0.263406 -0.0431989 0.0109777 0.066271
0 0 67 0.238503 0.0302731 0.0728312 0.0846578
0 0 68 0.11448 -0.00374161 -0.018034 0.0398237
0 0 69 0.234109 0.0778948 -0.101976 0.0586912
0 0 70 0.23948 0.00963749 -0.0274591 0.096594
0 0 71 0.2053 0.0298201 0.0249681 0.0574018
0 0 72 0.146706 0.0489813 0.0224648 0.113367
0 0 73 0.130593 0.031634 0.00935841 0.0280477
0 0 74 0.189187 -0.0704111 -0.0223045 -0.157747
0 0 75 0.213113 0.0496622 -0.00875568 0.132239
0 0 76 0.262429 -0.0322012 -0.033349 0.0291769
0 0 77 0.271218 -0.0383237 -0.0223045 0.155783
0 0 78 0.264382 0.00260795 0.075923 0.124335
0 0 79 0.172585 -0.0424055 0.0930061 0.0467588
0 0 80 0.260476 0.0273253 -0.0224524 0.00224512
0 0 81 0.243874 0.0290266 0.178864 0.0715963
0 0 82 0.269265 -0.0098642 0.0865269 0.0222418
0 0 83 0.275124 0.0553309 0.0548639 0.115786
0 0 84 0.275124 0.0154206 -0.0474873 0.028372
0 0 85 0.23655 0.00487579 -0.0100813 0.091757
0 0 86 0.204324 -0.086285 0.0585461 -0.0385607
0 0 87 0.284402 0.00260795 -0.0261335 -0.0130785
0 0 88 0.164773 0.0714318 0.0648785 0.0477239
0 0 89 0.218972 -0.0192751 0.0368977 -0.0422686
0 0 90 0.166726 0.17563 -0.0558815 0.0285322
0 0 91 0.0944602 0.0373036 0.0586929 0.00192087
0 0 92 0.151589 -0.0251707 -0.0130262 0.0774023
0 0 93 0.132546 0.168601 0.0223179 0.107077
0 0 94 0.238015 0.0266453 0.0735674 0.0499822
0 0 95 0.182839 -0.00759636 0.0504465 0.0772383
0 0 96 0.281472 -0.0111116 -0.0174446 0.0172407
0 0 97 0.23948 -0.0176881 0.00582409 0.0548231
0 0 98 0.236062 0.0846974 -0.00831413 0.0477239
0 0 99 0.190652 0.0391175 -0.0292263 0.0733702
0 0 100 0.157449 0.0128123 0.108027 0.0701429
0 0 101 0.243874 0.0932013 -0.00257015 0.0574018
0 0 102 0.179909 0.0124718 0.137776 0.0346624
0 0 103 0.201882 0.00714363 -0.0268698 0.0243398
0 0 104 0.251199 -0.0155338 0.0809307 0.126593
0 0 105 0.166726 0.0578257 -0.0230408 0.121107
0 0 106 0.312722 0.0651957 -0.000361443 0.0541746
0 0 107 0.330788 0.0319744 -0.0569124 -0.0137232
0 0 108 0.204324 -0.0743793 0.0242319 -0.144525
0 0 109 0.213113 -0.00136029 0.00273132 0.0898191
0 0 110 0.111062 0.0418383 0.0432301 0.0954649
0 0 111 0.101296 0.0566918 -0.00227642 0.0919172
0 0 112 0.129616 0.054197 0.0859375 0.130945
0 0 113 0.151589 -0.112362 -0.0281954 0.0188543
0 0 114 0.252175 0.0438792 0.0544224 0.0453054
0 0 115 0.240456 0.0322005 0.12894 0.105627
0 0 116 0.087136 0.0767609 0.057662 0.0245001
0 0 117 0.146706 0.0493218 0.0257044 0.0557882
0 0 118 0.138406 -0.0922941 0.103168 0.0746595
0 0 119 0.188699 -0.020182 0.0177526 0.0291769
0 0 120 0.176003 -0.0666689 -0.0212736 0.120787
0 0 121 0.152566 -0.041838 0.0299759 -0.0482386
0 0 122 0.167702 0.11191 -0.0632448 0.13143
0 0 123 0.154519 0.0292527 0.067235 0.0248243
0 0 124 0.0563743 -0.0108846 0.0448503 -0.0103357
0 0 125 0.0168235 0.0292527 -0.00139236 0.00885599
0 0 126 0.137917 -0.013266 0.0927114 -0.140009
0 0 127 0.036843 -0.0868515 -0.00905037 0.00579279
0 0 128 0.151589 -0.100231 0.134389 -0.0342081
0 0 129 -0.0432351 0.0835635 0.0273247 0.112723
0 0 130 0.188699 -0.0382103 -0.0566177 0.00562876
0 0 131 0.0383079 0.00385536 0.195653 -0.0134028
0 0 132 0.0910423 0.00226749 0.0162802 -0.0113047
0 0 133 0.140847 -0.00158726 0.0280609 0.109495
0 0 134 0.0539329 0.0651957 0.121871 0.0445005
0 0 135 0.238503 -0.0103181 0.10847 0.00127619
0 0 136 0.0934837 0.0150801 0.0747452 -0.0140474
0 0 137 0.101296 0.0129258 0.0463228 -0.0838831
0 0 138 0.0319602 -0.0164407 0.0261469 -0.0309809
0 0 139 0.105202 0.0278927 -0.181501 -0.0419481
0 0 140 0.074929 0.0180279 -0.054409 0.0407888
0 0 141 0.00998757 0.0653092 0.0460281 -0.0793665
0 0 142 0.123269 -0.0359424 0.021287 0.0354673
0 0 143 0.0915305 -0.0154203 0.103757 0.0922376
0 0 144 0.0929954 0.10454 0.0416098 0.0888502
0 0 145 0.163796 -0.0466007 0.0523605 0.0636923
0 0 146 0.0768821 0.0399109 0.00376225 -0.093397
0 0 147 0.0842063 -0.0920671 -0.0139103 -0.0277537
0 0 148 0.126199 0.0460335 0.0638475 0.00530832
0 0 149 0.120827 0.0946747 -0.0816536 0.0919172
0 0 150 0.0842063 0.0165545 -0.0139103 -0.00452978
0 0 151 0.0832298 0.0634943 -0.00772476 -0.0396898
0 0 152 0.124245 -0.0546507 0.0695906 0.0832083
0 0 153 0.0300071 0.154088 -0.0868082 0.0554678
0 0 154 0.0632102 -0.0222229 0.13483 0.158205
0 0 155 0.0832298 0.0207487 -0.0673685 -0.0617846
0 0 156 0.124734 -0.013266 -0.0205374 0.120947
0 0 157 0.164773 0.0475079 0.00979996 -0.0530756
0 0 158 -0.00319602 0.0204092 -0.00168705 0.0412733
0 0 159 0.0812766 0.00362838 0.0476484 0.0856268
0 0 160 0.192116 0.0373036 0.00876904 0.0177252
0 0 161 0.164773 0.0346953 -0.0508747 0.0101454
0 0 162 0.0383079 -0.00192772 0.0392542 0.0153066
0 0 163 0.074929 0.0619074 -0.035264 0.0643369
0 0 164 0.0915305 0.0628144 0.146171 0.0517561
0 0 165 0.00705788 0.0851504 -0.0308466 0.00127619
0 0 166 0.107644 0.0786883 0.0102415 -0.0245302
0 0 167 0.0915305 -0.00328766 -0.0146465 -0.084688
0 0 168 0.0529563 -0.00226723 0.0872631 -0.0451754
0 0 169 0.0612571 0.0234705 0.0479422 0.0265981
0 0 170 -0.00514915 -0.0442194 -0.037179 0.0901434
0 0 171 0.0441673 0.0709778 -0.121858 0.0120832
0 0 172 0.129616 -0.0055555 0.0507402 0.0462744
0 0 173 0.11155 0.108394 -0.000214577 0.00305002
0 0 174 0.106667 -0.150573 0.0715055 0.0951406
0 0 175 0.0803001 -0.0122455 -0.038209 -0.00356466
0 0 176 0.126199 -0.0134929 0.0358667 -0.15275
0 0 177 0.0876243 0.0349223 0.0704746 0.0874006
0 0 178 0.174538 -0.0662159 0.0585461 0.0740148
0 0 179 0.199929 0.0299336 0.0363083 0.0653059
0 0 180 0.0431907 -0.0373033 -0.00257015 0.0106298
0 0 181 0.036843 -0.000907291 -0.061183 0.0212766
0 0 182 0.0470969 0.0863978 -0.0050745 0.0222418
0 0 183 0.0187766 -0.0102047 0.000964165 0.161429
0 0 184 0.0339134 -0.0598663 -0.0792971 0.0282118
0 0 185 0.0407493 -0.0187086 0.150146 -0.0414637
0 0 186 0.0822532 0.0261914 0.0211401 0.00401896
0 0 187 0.117409 -0.0557846 0.030859 0.0164358
0 0 188 0.155984 -0.0718845 0.0178995 -0.0192087
0 0 189 -0.0090554 0.0814091 0.0354242 -0.119524
0 0 190 0.196999 -0.0334476 0.0127459 0.082884
0 0 191 -0.0012429 0.119959 -0.025692 0.00837153
0 0 192 0.106667 -0.056805 -0.029521 -0.0414637
0 0 193 -0.0271218 -0.0021547 0.0530968 -0.0216273
0 0 194 0.0651634 -0.0995506 -0.0143518 -0.0143679
0 0 195 0.137429 0.00283493 -0.01229 0.0594999
0 0 196 0.0441673 -0.0691637 0.0357189 -0.101301
0 0 197 0.0549094 0.0299336 0.0354242 0.0680448
0 0 198 0.0309837 0.131638 0.0659094 0.0182096
0 0 199 -0.0110085 -0.086058 -0.0184755 0.00530832
0 0 200 0.0383079 0.0859448 0.018342 -0.0114649
0 0 201 0.182839 0.108054 0.170322 -0.048559
0 0 202 0.0241477 0.0226771 0.00817966 -0.110979
0 0 203 -0.120872 -0.144451 0.0145121 0.0301458
0 0 204 0.0812766 -0.0744928 0.0439663 -0.00146658
0 0 205 0.217019 0.112589 0.122166 0.0209524
0 0 206 0.0729759 0.0780073 0.0523605 -0.0184
0 0 207 -0.0495827 0.0452401 -0.0268698 -0.0701731
0 0 208 0.0348899 0.0880991 0.0292397 -0.0506571
0 0 209 0.0329368 -0.0605463 0.0458803 0.0391752
0 0 210 0.087136 0.0835635 0.0681181 -0.0432375
0 0 211 0.0724876 -0.0424055 0.0156908 -0.0184
0 0 212 0.105691 -0.0219959 0.0204039 0.0533697
0 0 213 0.134499 -0.0151933 -0.133934 -0.0563028
0 0 214 0.122781 0.0598666 -0.045867 0.0522405
0 0 215 0.118386 0.0061232 0.059577 -0.0109804
0 0 216 0.0661399 0.0265318 -0.00625229 0.112723
0 0 217 -0.0212624 0.0738121 -0.0732594 -0.0508173
0 0 218 0.0954368 -0.0417246 0.0556002 -0.0353335
0 0 219 0.071511 -0.0837902 -0.0424805 0.00530832
0 0 220 0.206765 0.0464875 0.019372 -0.015497
0 0 221 0.0490501 0.0187079 0.00052166 0.11643
0 0 222 0.0900657 -0.034695 0.000374794 0.000631506
0 0 223 0.12571 0.0193888 0.149557 0.0520803
0 0 224 -0.0124734 0.0623604 0.0535383 0.00772684
0 0 225 0.0500266 0.0373036 -0.0610361 -0.0617846
0 0 226 -0.0407937 0.0911604 0.0452919 0.0388548
0 0 227 0.127663 0.0282322 0.0857906 0.0901434
0 0 228 0.115456 -0.020409 0.0716524 0.0220815
0 0 229 0.0641868 0.000453602 -0.00949192 -0.0540445
0 0 230 0.0705344 0.0282322 0.148969 0.0333692
0 0 231 0.0793235 0.107828 0.0142183 0.0425627
0 0 232 0.0851829 -0.0670093 -0.0575018 0.0775625
0 0 233 0.0700462 -0.00589596 0.0485315 0.000631506
0 0 234 0.137917 0.000226628 -0.0679579 0.104498
0 0 235 0.099343 0.112816 0.0585461 -0.00565893
0 0 236 0.0954368 -0.020409 0.0248213 0.0557882
0 0 237 0.0876243 0.0455805 -0.0246611 0.00724238
0 0 238 0.107156 0.0131527 0.04809 -0.0227564
0 0 239 0.129616 -0.0668958 0.0754814 -0.0393694
0 0 240 0.169656 0.053517 0.0818138 0.0304663
0 0 241 -0.056907 -0.0133794 -0.0146465 -0.0892046
0 0 242 -0.00514915 0.0396839 0.0604601 -0.00146658
0 0 243 0.0539329 0.016214 0.0706215 -0.00211126
0 0 244 0.10862 0.097736 0.00700188 0.0524008
0 0 245 0.0861594 -0.0545372 0.0510349 0.0503065
0 0 246 -0.0290749 -0.107941 0.00390911 0.00111597
0 0 247 0.00901101 -0.109868 0.132769 0.034178
0 0 248 0.0851829 -0.0535167 0.0941849 0.0299856
0 0 249 0.0422141 0.0282322 0.0285025 0.153044
0 0 250 -0.0173562 -0.0105442 0.106113 -0.0540445
0 0 251 0.107156 -0.012812 -0.163535 0.00982493
0 0 252 0.0339134 0.0215432 0.0991917 -0.0475939
0 0 253 0.146706 0.0298201 0.125848 0.135462
0 0 254 0.133523 0.0791413 0.0504465 -0.121298
0 0 255 0.138894 0.00408233 0.0916815 -0.0171107
0 0 256 0.103249 0.060887 0.0838757 -0.0708178
0 0 257 0.123269 -0.00532853 0.0804892 0.147398
0 0 258 0.0158469 0.0551039 0.0131874 0.0169203
0 0 259 0.0851829 0.177218 0.0660563 -0.021303
0 0 260 0.0671165 0.0510222 0.123638 0.052725
0 0 261 0.0578391 0.107487 -0.00801945 0.0486929
0 0 262 0.0602805 0.102499 0.111268 0.117075
0 0 263 0.169656 -0.0608867 0.0592823 0.0514356
0 0 264 0.118386 -0.00498902 0.042346 0.0814344
0 0 265 0.10032 -0.0343546 0.0232019 -0.134847
0 0 266 0.157449 0.0451266 0.0201082 -0.0935572
0 0 267 0.159402 0.0929743 0.0968351 -0.0346888
0 0 268 0.0114524 -0.0299333 0.0909452 -0.0232409
0 0 269 0.160378 -0.0456937 0.0282087 0.0465948
0 0 270 0.14573 0.163839 0.113918 -0.0685595
0 0 271 0.118386 0.138101 -0.00404358 -0.00711233
0 0 272 0.12571 0.0105444 0.131001 -0.0156573
0 0 273 0.158425 -0.0695041 0.0326262 -0.065172
0 0 274 0.146706 0.0585057 0.129087 -0.0240458
0 0 275 0.133523 0.0402514 0.184754 -0.0225924
0 0 276 0.0890891 0.0224501 0.134242 0.0394995
0 0 277 0.200906 0.0685965 0.12835 -0.108396
0 0 278 -0.000266335 0.0367361 0.147496 0.0467588
0 0 279 0.135476 -0.0291399 0.110679 0.0204679
0 0 280 0.215066 0.0333344 0.0352774 -0.00581915
0 0 281 0.0983665 -0.0159868 0.0981607 0.0396597
0 0 282 0.0890891 0.0327679 0.0812254 0.0238554
0 0 283 0.215066 0.00680317 0.126436 -0.040819
0 0 284 0.17112 0.097963 0.105819 0.0865957
0 0 285 0.152566 0.0494353 0.0670872 -0.0411432
0 0 286 0.119363 0.0497757 0.0361605 -0.0232409
0 0 287 0.123269 0.167014 -0.0255442 0.0875608
0 0 288 0.130593 0.0919539 0.149262 -0.0482386
0 0 289 0.110085 0.0688235 0.0376339 -0.128397
0 0 290 0.151589 -0.0840172 0.143373 -0.154844
0 0 291 0.12864 0.00895752 0.114213 0.0583708
0 0 292 0.0890891 0.129597 0.121871 0.0145017
0 0 293 0.105202 0.152954 0.0651731 0.00111597
0 0 294 0.021218 0.0481879 0.153681 0.00724238
0 0 295 0.193093 0.0410448 0.0414629 -0.00791723
0 0 296 0.211159 -0.0021547 0.133358 -0.0209826
0 0 297 0.157449 0.053744 0.202427 -0.0104998
0 0 298 0.208718 0.0870787 0.0485315 0.0925619
0 0 299 0.220925 -0.0179142 0.165021 -0.100172
0 0 300 0.10032 0.06871 -0.0308466 0.00514811
0 0 301 0.036843 0.089686 0.0495625 0.0748197
0 0 302 0.159402 0.110435 0.0762177 -0.00501425
0 0 303 0.124734 0.0351492 0.0897665 -0.0585611
0 0 304 0.151589 0.0167805 0.0012579 -0.0175951
0 0 305 0.149636 -0.0157598 0.0866737 -0.136782
0 0 306 0.0778587 0.101818 0.0981607 -0.00856191
0 0 307 0.146706 0.101478 0.129676 0.0203077
0 0 308 0.17112 0.0462605 0.0451441 0.0145017
0 0 309 -0.00417259 -0.00600945 0.120545 0.0546591
0 0 310 0.0661399 0.00442184 0.0417566 0.0251448
0 0 311 0.0710227 0.0213162 0.051919 -0.0109804
0 0 312 0.0861594 -0.00521599 0.0662031 -0.0716227
0 0 313 0.161843 0.104766 0.106113 -0.0616244
0 0 314 0.0129173 -0.00442158 0.185638 0.0596601
0 0 315 0.15696 -0.00680291 0.0720949 -0.0371111
0 0 316 0.175027 0.13742 0.0934486 -0.0298517
0 0 317 0.0529563 -0.0119051 0.0597239 0.0891744
0 0 318 0.143777 -0.0055555 0.0632582 0.0286924
0 0 319 0.198952 0.0325409 0.116422 -0.0166262
0 0 320 0.0842063 0.0477339 0.0726833 -0.0569475
0 0 321 0.197976 -0.019502 0.046175 0.0104696
0 0 322 0.148659 0.0047623 0.209201 -0.0224322
0 0 323 0.13157 -0.0409311 0.140427 -0.0809801
0 0 324 0.104714 -0.0466007 0.266931 -0.0675905
0 0 325 0.271706 0.0227896 0.146612 0.129172
0 0 326 0.0915305 -0.0179142 0.109796 0.0511114
0 0 327 0.136452 -0.0143999 0.0536861 0.0659506
0 0 328 0.148659 0.0628144 0.0192251 0.01676
0 0 329 0.0138938 0.0114514 0.0794573 -0.0137232
0 0 330 0.190163 0.0283457 0.0307121 -0.060335
0 0 331 0.115456 -0.035149 -0.0144987 0.143851
0 0 332 0.229226 0.0501152 0.118484 -0.0296915
0 0 333 0.116433 0.0140597 -0.0131741 0.0456297
0 0 334 0.148659 0.046374 0.0128927 -0.108236
0 0 335 0.043679 -0.0556711 0.0491209 0.0193388
0 0 336 0.230202 0.0619074 0.059577 -0.0732363
0 0 337 0.151589 0.0878722 -0.000361443 -0.045656
0 0 338 0.0207298 0.0165545 0.0277662 -0.0327547
0 0 339 -0.00319602 -0.0159868 0.0700331 -0.0877512
0 0 340 0.136452 0.0137192 -0.00419044 -0.00340063
0 0 341 0.126199 0.0935408 0.0514765 -0.0521105
0 0 342 0.0373313 -0.0486416 0.0196667 0.079981
0 0 343 0.211159 0.196153 0.0990448 -0.00356466
0 0 344 0.11155 -0.0945619 0.0333624 0.0769178
0 0 345 0.0226829 0.0151936 0.0603132 -0.0448511
0 0 346 0.137429 -0.0709776 0.0561895 -0.0454958
0 0 347 0.109109 0.0170075 0.0846119 0.00562876
0 0 348 0.135476 0.0223366 0.114949 0.0441763
0 0 349 0.175027 -0.00646244 0.0485315 -0.00211126
0 0 350 0.163796 0.0104309 0.0396957 0.036276
0 0 351 0.0812766 -0.0458063 0.0196667 0.0753042
0 0 352 0.0114524 -0.00532853 0.0419044 0.0862715
0 0 353 0.0832298 0.0642887 -0.0635395 -0.0643671
0 0 354 0.136941 0.0738121 0.0657616 -0.0288828
0 0 355 0.0319602 0.0663296 0.0201082 0.00772684
0 0 356 0.0544212 0.0365092 0.111268 0.0356275
0 0 357 0.161843 -0.0913871 0.143666 -0.0664614
0 0 358 -0.0202859 0.02381 -0.0519056 0.0640165
0 0 359 0.0378196 0.00555576 0.0211401 0.0159513
0 0 360 0.0632102 0.046827 -0.0588274 -0.0287226
0 0 361 0.0339134 -0.0571455 0.0485315 0.0311148
0 0 362 0.143777 0.0322005 0.0793104 0.0653059
0 0 363 0.122292 0.0123593 0.0486784 -0.0872668
0 0 364 0.105691 -0.0233568 0.0483847 -0.0409792
0 0 365 0.021218 0.0489813 0.0371923 0.0482084
0 0 366 0.106179 0.0195023 -0.0938768 0.0830442
0 0 367 -0.0774148 -0.0766472 0.0773964 0.033209
0 0 368 0.118386 0.00805057 0.0383701 -0.00678808
0 0 369 0.0602805 0.0239235 -0.159705 -0.0782374
0 0 370 0.0373313 0.00714363 -0.0253973 0.0424024
0 0 371 0.0490501 -0.0386633 -0.0443945 0.055628
0 0 372 0.172097 0.0880991 0.0863791 0.0185339
0 0 373 0.068093 0.0391175 0.0368977 -0.0343683
0 0 374 0.0387962 0.0649687 0.00361443 0.0288565
0 0 375 0.113503 -0.0225633 0.0252628 0.0235311
0 0 376 0.151589 -0.0824293 0.180925 -0.0277537
0 0 377 -0.0437234 0.10556 -0.00890255 -0.0671099
0 0 378 0.170632 0.0651957 -0.0919619 0.0491773
0 0 379 0.0607688 0.00623573 -0.0156775 -0.0724314
0 0 380 0.0275657 -0.0776676 -0.0273113 -0.00807745
0 0 381 0.087136 -0.0391172 -0.00610447 0.0188543
0 0 382 0.0348899 -0.0919536 -0.0143518 0.0843374
0 0 383 0.0778587 -0.00487553 0.031743 0.0445005
0 0 384 0.0417259 -0.0322012 0.00950527 0.107237
0 0 385 0.0446555 -0.0614532 0.0123034 0.0891744
0 0 386 0.00949929 0.0473944 0.0570726 0.0353071
0 0 387 0.0138938 0.0433127 -0.0737009 -0.0329149
0 0 388 0.074929 0.00238098 -0.00919819 -0.0203379
0 0 389 0.110085 -0.0202955 0.0826979 -0.00759298
0 0 390 0.0783469 0.0293661 -0.117146 -0.157102
0 0 391 0.159402 -0.0453533 -0.0334969 -0.057268
0 0 392 -0.00221946 -0.0681432 -0.0421858 0.0199835
0 0 393 0.00949929 -0.0283455 0.0511827 0.0499822
0 0 394 0.0549094 0.0913874 0.0411682 -0.0483988
0 0 395 0.068093 0.0158736 -0.0146465 -0.0358179
0 0 396 0.165749 0.00986446 0.0336571 0.0951406
0 0 397 -0.0251687 0.0140597 0.0852013 0.122721
0 0 398 0.021218 0.031407 -0.0438051 0.0870764
0 0 399 0.0470969 -0.0595258 0.0508881 0.130465
0 0 400 -0.0334695 -0.0224498 0.059577 0.0765936
0 0 401 0.157449 0.0378701 -0.087986 0.0483686
0 0 402 0.0461204 0.00578273 -0.0230408 -0.165167
0 0 403 0.0319602 0.0464875 -0.059269 -0.0148524
0 0 404 0.036843 -0.0539707 -0.0231886 0.0104696
0 0 405 0.0168235 -0.0444463 -0.0396824 0.0141775
0 0 406 0.0275657 0.101365 0.0448503 0.0306303
0 0 407 0.0217063 0.0157601 -0.0912256 -0.0804957
0 0 408 0.188699 0.0333344 0.0657616 0.0391752
0 0 409 0.0300071 -0.013266 -0.0463095 -0.0275934
0 0 410 0.0383079 0.119506 0.013629 -0.0824297
0 0 411 -0.0246804 -0.0386633 0.00405598 -0.016466
0 0 412 0.102273 -0.0109981 0.172384 -0.0129183
0 0 413 -0.0334695 -0.0788015 0.0131874 0.00966089
0 0 414 -0.0217507 -0.0933145 0.100369 -0.00775701
0 0 415 0.116433 -0.0537437 0.0198145 -0.0145281
0 0 416 -0.0666726 -0.0119051 0.0594292 -0.0463045
0 0 417 0.00168679 -0.0240368 -0.104333 0.0625631
0 0 418 0.0602805 -0.0055555 0.034688 -0.0727518
0 0 419 0.0309837 -0.0730184 -0.0376205 -0.0143679
0 0 420 0.107644 0.127783 0.0109777 0.0291769
0 0 421 0.15696 -0.00646244 0.00656033 -0.106298
0 0 422 0.036843 0.0502287 0.0476484 0.0259535
0 0 423 0.0553977 0.0583922 0.10847 -0.000821894
0 0 424 0.0690696 0.112363 0.0408735 -0.0251749
0 0 425 0.00266335 -0.0833362 -0.0075779 0.0112745
0 0 426 0.0744407 0.0467135 0.0339518 0.0919172
0 0 427 0.166726 -0.0773271 -0.0198011 0.0264341
0 0 428 0.00852273 0.0966021 0.122313 -0.0614641
0 0 429 0.0954368 -0.187082 0.0747452 0.0782072
0 0 430 0.177956 0.0320879 0.109058 0.0922376
0 0 431 0.0607688 0.0358292 0.0357189 0.025305
0 0 432 0.0500266 -0.0473941 0.0933008 0.0330488
0 0 433 0.156472 -0.0408176 0.0905027 0.00514811
0 0 434 -0.0183327 0.0446726 0.096983 0.0830442
0 0 435 0.0138938 0.0414988 0.0229063 0.0756285
0 0 436 0.187722 0.00192798 0.0305643 0.0290167
0 0 437 0.118386 0.11191 0.0796051 -0.112589
0 0 438 0.0739524 0.0852639 -0.0420389 -0.0600107
0 0 439 -0.0627663 0.0466009 0.0927114 0.0259535
0 0 440 0.0700462 0.0448996 -0.120827 0.0457899
0 0 441 0.00608132 0.0952422 0.0206976 -0.0316256
0 0 442 0.170144 -0.0217699 0.0342464 -0.122427
0 0 443 0.0851829 0.0149666 -0.0200958 0.00692194
0 0 444 0.118386 -0.0102047 0.0793104 -0.0569475
0 0 445 -0.00221946 0.0301596 0.0438185 -0.076948
0 0 446 0.10032 0.130618 -0.0330553 0.0212766
0 0 447 0.0661399 0.0108849 0.0539808 0.0480482
0 0 448 0.198952 0.0909334 0.00611782 0.0743353
0 0 449 0.0632102 0.0959221 -0.0589743 -0.0445269
0 0 450 0.0783469 0.0967156 -0.0426273 0.0685293
0 0 451 0.0392844 0.0547644 -0.0159721 -0.0369471
0 0 452 0.109109 0.0888926 -0.0952024 -0.0563028
0 0 453 0.10032 0.0426318 -0.097558 -0.182585
0 0 454 0.0138938 0.0331084 0.108027 -0.0604952
0 0 455 0.0700462 0.00487579 0.0112724 0.0245001
0 0 456 0.0929954 0.0738121 -0.0128794 -0.00130636
0 0 457 0.0822532 -0.0120186 0.0900612 0.128042
0 0 458 -0.0305398 0.162705 0.0566311 -0.0921076
0 0 459 0.0378196 0.0137192 0.0416098 0.0161154
0 0 460 0.0842063 -0.00850331 -0.0346746 -0.0453356
0 0 461 0.148659 0.0119053 0.0775433 -0.0358179
0 0 462 0.0895774 -0.0142864 0.0532446 -0.0724314
0 0 463 0.198952 -0.0156473 0.0539808 -0.0400141
0 0 464 0.0793235 0.0575987 0.0803413 -0.015497
0 0 465 0.154519 0.0371901 -0.0435114 -0.0693644
0 0 466 0.0427024 0.0435397 0.0782795 -0.10985
0 0 467 0.0929954 0.0308405 0.0176048 -0.0606554
0 0 468 -0.0144265 0.0226771 0.0394011 -0.0442064
0 0 469 0.0861594 -0.027552 -0.0187702 -0.0461405
0 0 470 0.176491 0.0566918 0.0498571 -0.0274332
0 0 471 0.036843 0.0738121 0.0217285 -0.137911
0 0 472 0.0178001 0.15284 0.0619326 -0.00807745
0 0 473 0.0822532 0.104993 -0.065012 0.0993368
0 0 474 0.0842063 0.11361 0.0134821 0.0738546
0 0 475 0.00998757 -0.103632 -0.0360003 0.0641767
0 0 476 0.167702 0.00714363 0.0840235 -0.0477541
0 0 477 0.107156 0.0448996 0.123933 0.0590154
0 0 478 0.0358665 -0.0486416 0.181662 -0.0708178
0 0 479 0.10032 -0.0232433 0.0274725 0.0394995
0 0 480 0.0329368 -0.0081638 -0.00345421 0.125948
0 0 481 0.0407493 -0.0905927 0.0715055 -0.0716227
0 0 482 0.0251243 0.0384365 -0.0753212 0.111269
0 0 483 -0.0818093 0.00680317 0.0513296 -0.0148524
0 0 484 0.116433 0.039004 -0.100799 -0.000821894
0 0 485 0.0339134 0.0569188 -0.186508 -0.0966242
0 0 486 0.103249 -0.00226723 -0.0245132 -0.087591
0 0 487 0.0671165 0.0064627 0.0427885 0.0428869
0 0 488 0.147683 -0.0334476 0.0108309 -0.0629137
0 0 489 0.0431907 -0.0664428 0.00214195 -0.14517
0 0 490 0.0778587 0.0650822 0.0843172 -0.0277537
0 0 491 0.129616 -0.00204121 0.0821085 -0.00775701
0 0 492 0.0803001 -0.0308403 -0.0125847 -0.0016268
0 0 493 0.129616 0.0312935 0.0763655 0.0443365
0 0 494 0.0964134 -0.0527233 0.0486784 0.0983679
0 0 495 0.0851829 -0.128577 0.0168686 -0.0254992
0 0 496 0.103249 -0.0877584 0.0383701 -0.0203379
0 0 497 0.193581 -0.0481876 0.0124502 -0.00985128
0 0 498 0.0954368 0.0403649 -0.0348225 0.00353449
0 0 499 0.0378196 -0.0408176 0.0626688 -0.112428
0 0 500 0.149636 -0.00680291 -0.131577 0.00982493
0 0 501 0.0724876 0.0130392 0.0743036 -0.0313051
0 0 502 0.0573509 -0.00612294 0.0221701 -0.0396898
0 0 503 0.163796 0.046827 0.0290918 -0.0200136
0 0 504 -0.0163796 -0.0146268 0.103757 0.0174047
0 0 505 0.0339134 0.0862843 -0.0298147 -0.00146658
0 0 506 0.109109 -0.0401376 0.0176048 -0.00436956
0 0 507 0.0510032 -0.0354885 0.209054 0.066271
0 0 508 0.0954368 -0.0556711 -0.0108175 -0.0129183
0 0 509 0.177468 -0.00147377 0.063405 -0.00904638
0 0 510 -0.0173562 -0.0133794 -0.0230408 -0.0148524
0 0 511 0.185769 0.105106 -0.0651598 0.0238554
0 0 512 0.112527 -0.0903667 0.0782795 0.036276
0 0 513 0.0851829 0.0520426 0.158689 -0.0490435
0 0 514 0.0861594 0.0551039 0.00494003 -0.0288828
0 0 515 0.0661399 -0.0461467 -0.0367365 -0.0222719
0 0 516 0.0705344 0.0513626 -0.0588274 -0.01066
0 0 517 0.0490501 0.0561243 -0.0421858 0.0532095
0 0 518 0.12571 0.0047623 0.0184889 0.0370809
0 0 519 0.11155 0.0104309 0.153681 -0.0116251
0 0 520 -0.000266335 0.0638348 0.0495625 0.0730459
0 0 521 0.0881126 0.00328792 -0.0853357 -0.0859774
0 0 522 0.0607688 -0.0403646 -0.0555868 -0.0987185
0 0 523 -0.0617898 0.0214297 -0.0460148 0.0903036
0 0 524 0.0500266 0.101024 -0.00610447 -0.0190447
0 0 525 -0.0183327 -0.0374168 -0.174138 -0.0422686
0 0 526 -0.00661399 0.0395705 0.021287 0.0456297
0 0 527 0.0309837 0.053517 0.0925646 -0.0966242
0 0 528 0.110085 -0.101932 -0.00772476 -0.00711233
0 0 529 0.0138938 -0.0266451 0.0544224 -0.035982
0 0 530 -0.0998757 0.00328792 0.000669479 -0.0277537
0 0 531 0.0168235 -0.0597528 0.0573673 -0.0401743
0 0 532 -0.00612571 0.0373036 0.0472059 -0.0440462
0 0 533 -0.00417259 -0.012132 0.0143652 0.118529
0 0 534 0.0129173 0.0967156 -0.0608892 0.057562
0 0 535 0.0539329 0.121773 -0.0915203 -0.00291616
0 0 536 -0.0154031 -0.0179142 -0.0137625 0.0235311
0 0 537 -0.0603249 -0.0632681 -0.016119 -0.0774286
0 0 538 -0.0217507 0.0225636 0.0159855 0.0357916
0 0 539 -0.00417259 -0.0794815 -0.0227461 -0.00904638
0 0 540 0.121804 0.00147403 0.0809307 -0.0177553
0 0 541 0.0041282 0.0315205 -0.0466032 -0.0730761
0 0 542 0.121804 -0.0323137 0.00788593 0.00111597
0 0 543 -0.0446999 -0.0507959 0.0897665 -0.0140474
0 0 544 0.00510476 0.0188214 0.0335102 -0.0275934
0 0 545 -0.0354226 0.0481879 -0.0747318 0.0715963
0 0 546 0.0832298 0.103633 0.0012579 -0.0235613
0 0 547 0.0929954 -0.057485 -0.00536823 -0.0546892
0 0 548 -0.0217507 -0.078915 0.0747452 0.0443365
0 0 549 0.0422141 0.0547644 0.0639944 0.0853025
0 0 550 0.166726 -0.0138324 -0.0427752 0.0204679
0 0 551 0.0671165 0.00260795 0.0137758 0.0535299
0 0 552 0.0207298 -0.0445598 -0.0563231 0.0127279
0 0 553 0.0217063 0.0174614 0.0408735 -0.18791
0 0 554 0.139382 0.0690504 0.0258522 0.0219213
0 0 555 0.0446555 -0.086058 0.0237904 0.0209524
0 0 556 0.138894 -0.0392307 -0.0441008 0.0601446
0 0 557 -0.00954368 -0.0430854 -0.0165606 0.0403044
0 0 558 0.0290305 -0.0566915 0.0323324 -0.0388849
0 0 559 -0.0466531 0.0192753 -0.0159721 0.0430471
0 0 560 0.0387962 0.0875317 -0.00934505 -0.0582369
0 0 561 0.167702 0.0018145 -0.0380621 0.0804655
0 0 562 0.103249 0.0286862 0.0292397 -0.114527
0 0 563 -0.00661399 0.023357 0.0479422 0.00530832
0 0 564 0.10862 0.132318 -0.0386515 -0.000982111
0 0 565 0.028054 -0.0928606 0.0547171 -0.0713022
0 0 566 -0.0578835 -0.019955 -0.00566292 0.0544988
0 0 567 -0.0324929 -0.0879854 0.102138 -0.0245302
0 0 568 0.00363991 -0.042972 0.0960989 -0.092428
0 0 569 0.00559304 -0.00464856 0.0887356 0.00869578
0 0 570 0.0187766 0.000907551 0.0719471 -0.00404531
0 0 571 0.0373313 -0.0292524 0.0776911 0.0319197
0 0 572 -0.0666726 0.0651957 -0.0451307 -0.0801714
0 0 573 0.0583274 0.0519291 0.0452919 -0.00824148
0 0 574 0.036843 0.110662 0.0816669 -0.0864618
0 0 575 0.0138938 0.0357157 0.0578089 -0.0772684
0 0 576 0.0529563 -0.0807289 0.139544 0.0259535
0 0 577 0.0964134 0.118599 0.0304174 0.00127619
0 0 578 0.0803001 0.0628144 0.0246744 0.0578863
0 0 579 0.0578391 0.0583922 -0.0683994 -0.0414637
0 0 580 0.0378196 -0.0400242 0.0505934 0.0464346
0 0 581 0.0705344 0.0209757 0.0865269 0.0554678
0 0 582 0.0480735 0.0519291 -0.0454254 0.0409529
0 0 583 0.0793235 0.0437657 0.100664 0.0996572
0 0 584 -0.00710227 -0.086058 0.0572205 0.0696585
0 0 585 -0.041282 0.0786883 0.0386648 -0.0777529
0 0 586 0.00510476 0.00408233 0.0124502 -0.0346888
0 0 587 0.0710227 0.159871 -0.103007 -0.0375918
0 0 588 0.043679 0.0513626 0.0318899 0.117884
0 0 589 0.00998757 0.109869 -0.0605946 0.123205
0 0 590 0.0470969 0.0996643 0.0245266 0.124174
0 0 591 0.227273 0.0581652 0.109648 -0.0230768
0 0 592 0.151589 0.101138 -0.0330553 0.0446607
0 0 593 0.110085 0.0959221 0.0781326 0.0519201
0 0 594 0.0290305 0.0612265 0.083581 -0.0537203
0 0 595 0.151589 0.00453533 -0.0164137 -0.0672701
0 0 596 0.135476 0.0880991 0.0187836 0.0848219
0 0 597 0.134499 0.0292527 -0.0332022 -0.0264643
0 0 598 0.0553977 0.023357 -0.0921097 0.0206281
0 0 599 0.0783469 0.0179144 0.0583982 0.0528852
0 0 600 0.17112 0.172343 -0.145421 -0.167265
0 0 601 0.0207298 -0.026872 0.0102415 0.0298216
0 0 602 0.103249 0.0236975 0.00155354 0.0580465
0 0 603 0.104226 -0.0975097 0.0779848 0.0148222
0 0 604 0.0241477 -0.0886654 0.011714 0.069338
0 0 605 -0.072532 -0.00351464 0.112299 0.122236
0 0 606 0.0759055 0.0876452 -0.0890169 0.0132124
0 0 607 -0.022239 0.0435397 -0.0383568 0.00498408
0 0 608 -0.00319602 0.0148531 -0.030551 0.0415975
0 0 609 0.12571 -0.00113427 0.0561895 0.0182096
0 0 610 -0.0466531 -0.00521599 -0.0240717 -0.0250147
0 0 611 0.0778587 0.0402514 -0.103891 -0.00759298
0 0 612 0.10032 0.0854908 0.0143652 0.0154669
0 0 613 -0.0954812 -0.00362812 0.0495625 -1.3178e-05
0 0 614 0.0597923 0.0197283 0.0261469 -0.0184
0 0 615 0.161843 0.0466009 0.0737143 -0.0866221
0 0 616 -0.034446 0.009524 -0.0361471 -0.013563
0 0 617 0.123757 -0.0437654 0.0488262 0.160624
0 0 618 0.119363 -0.019502 0.0320377 0.00821131
0 0 619 -0.0183327 0.0231301 0.0232019 -0.040819
0 0 620 0.0529563 0.100911 -0.0751734 -0.0643671
0 0 621 0.0925071 0.108621 0.000669479 0.000471289
0 0 622 -0.0613015 0.0200688 0.142636 -0.0119494
0 0 623 0.0553977 -0.0790285 -0.0395346 -0.0864618
0 0 624 0.101296 -0.0298198 0.0329208 -0.0567873
0 0 625 -0.0227273 -0.0142864 -0.0882807 -0.0711382
0 0 626 -0.0647195 -0.0154203 -0.01229 -0.0285624
0 0 627 0.0500266 0.0943352 0.0292397 0.014662
0 0 628 0.0832298 0.0600935 0.00494003 0.00966089
0 0 629 0.134499 -0.00464856 -0.0175924 -0.0364626
0 0 630 0.121804 0.0329949 0.0651731 -0.0917834
0 0 631 0.15989 0.0136057 0.0473528 -0.0780733
0 0 632 0.160378 0.0447861 0.0740089 -0.084688
0 0 633 0.0221946 -0.0687097 -0.046751 -0.00743276
0 0 634 0.0597923 -0.0311807 0.0221701 -0.0016268
0 0 635 0.0920188 0.10386 -0.00551605 0.0114347
0 0 636 0.121804 -0.0103181 -0.0575018 -0.035013
0 0 637 0.0710227 0.0308405 -0.0100813 0.0520803
0 0 638 0.0583274 0.038097 0.0441132 0.0161154
0 0 639 0.099343 0.0630413 -0.00919819 -0.0308207
0 0 640 0.0207298 -0.0359424 0.0514765 -0.0203379
0 0 641 0.136941 0.116444 -0.0510216 0.0501463
0 0 642 -0.0266335 0.0157601 0.0801945 0.0288565
0 0 643 0.116433 0.0778948 0.0103893 -0.0616244
0 0 644 0.0822532 0.115424 0.0505934 0.0677244
0 0 645 -0.000266335 0.0578257 0.024085 0.0580465
0 0 646 -0.0202859 0.0325409 0.105966 0.0483686
0 0 647 0.0778587 -0.0359424 0.00331974 0.0227262
0 0 648 -0.0173562 -0.0178007 -0.0539675 -0.106623
0 0 649 -0.0324929 0.0808426 -0.0679579 0.0682089
0 0 650 0.00510476 -0.00249421 -0.0798864 0.0336935
0 0 651 -0.0837624 0.142976 0.0296812 0.0541746
0 0 652 0.0290305 -0.0689367 -0.00198174 -0.012594
0 0 653 0.164773 0.0273253 0.0692968 0.0115988
0 0 654 0.0763938 -0.0412716 0.0738611 -0.0663012
0 0 655 0.068093 -0.057258 0.175182 0.063532
0 0 656 -0.0271218 0.0775544 -0.0287848 0.0659506
0 0 657 0.0832298 0.0755135 -0.0466032 0.058531
0 0 658 0.0529563 0.0248314 -0.0915203 -0.0108202
0 0 659 -0.0891335 -0.0637211 -0.0298147 -0.013563
0 0 660 0.201882 0.0800482 0.0171633 0.0430471
0 0 661 0.00998757 0.0119053 -0.0538197 -0.0653322
0 0 662 -0.00856712 0.0126988 -0.0155306 -0.0404947
0 0 663 0.0842063 -0.0495485 -0.0828314 -0.074045
0 0 664 0.133523 0.0595261 0.055748 -0.0872668
0 0 665 0.055886 -0.00589596 0.0491209 0.000147039
0 0 666 0.0221946 0.113496 0.0980139 -0.0308207
0 0 667 -0.000266335 -0.00657593 -0.0124378 -0.0837191
0 0 668 0.0319602 -0.0497755 0.00685406 -0.0542048
0 0 669 0.168679 0.0811821 0.157215 -0.0117891
0 0 670 0.0378196 0.0497757 -0.0246611 0.0475637
0 0 671 0.036843 0.0808426 -0.0354109 0.0588552
0 0 672 0.0236594 0.125855 -0.0187702 -0.0234011
0 0 673 -0.0393288 0.015987 0.128646 -0.0503328
0 0 674 0.000710227 0.016441 -0.14218 -0.0167864
0 0 675 0.0763938 0.06066 -0.0495491 0.00595301
0 0 676 -0.0334695 -0.0767606 0.00302601 -0.0396898
0 0 677 0.00949929 0.0637213 -0.0165606 -0.090494
0 0 678 0.0578391 -0.0629276 0.0494146 -0.0222719
0 0 679 0.0754173 -0.071318 -0.110076 0.00305002
0 0 680 0.116433 0.0308405 -0.126718 -0.0401743
0 0 681 0.0422141 0.00771011 -0.0477819 0.0741751
0 0 682 0.0690696 0.0138327 -0.0150881 -0.0319498
0 0 683 0.0803001 0.0649687 0.0547171 -0.0571078
0 0 684 0.0300071 0.0388905 0.0769548 0.00385493
0 0 685 0.0803001 0.0299336 0.0857906 -0.0163058
0 0 686 0.0251243 0.0417248 0.0326262 -0.0425928
0 0 687 0.00363991 -0.0222229 -0.0117006 -0.0693644
0 0 688 0.0641868 -0.0811819 0.0494146 0.107882
0 0 689 -0.0788796 -0.0386633 -0.0277529 0.0841734
0 0 690 0.0822532 -0.0566915 -0.0174446 0.0588552
0 0 691 -0.0232156 0.0274388 -0.0435114 0.0462744
0 0 692 0.0197532 0.0727917 0.104199 -0.0377558
0 0 693 -0.00612571 0.139348 0.103462 -0.0227564
0 0 694 0.0925071 0.0702978 -0.0438051 -0.00146658
0 0 695 0.0671165 -0.0469402 0.0660563 0.00159662
0 0 696 0.147683 -0.050342 0.00979996 -0.0575922
0 0 697 0.0944602 0.0846974 0.088294 -0.0201739
0 0 698 0.0588157 -0.0471672 -0.087986 -0.0150126
0 0 699 0.0851829 0.0142866 -0.0488129 0.0844976
0 0 700 0.0417259 0.107147 -0.0059576 -0.140329
0 0 701 -0.0202859 -0.0104316 0.0489731 0.0307905
0 0 702 0.0842063 0.0589596 -0.0498438 -0.106462
0 0 703 0.139382 0.0857178 0.0788689 0.0274031
0 0 704 0.0612571 -0.0387767 -0.0977058 -0.0311411
0 0 705 0.0851829 0.164066 -0.10124 -0.00452978
0 0 706 0.0539329 0.0836769 0.0678234 -0.0201739
0 0 707 0.0812766 -0.0361694 0.0611963 -0.130655
0 0 708 0.112527 0.0345818 0.0012579 -0.0633982
0 0 709 0.0597923 0.0590731 -0.0362949 -0.0550135
0 0 710 0.099343 0.039457 0.0642891 0.0612737
0 0 711 0.0705344 -0.0240368 0.0105362 0.0453054
0 0 712 0.109597 0.0859448 0.0504465 0.000791723
0 0 713 0.176491 0.0363957 0.0485315 -0.070978
0 0 714 0.0929954 -0.0458063 -0.0445423 -0.0583971
0 0 715 0.00705788 0.0154206 -0.0555868 0.00579279
0 0 716 0.074929 0.0178009 0.0909452 -0.0380762
0 0 717 0.0812766 0.109188 0.203015 -0.0480784
0 0 718 0.00901101 -0.0554441 0.0363083 0.0549833
0 0 719 0.0241477 -0.0781206 0.0333624 0.0417578
0 0 720 -0.0134499 0.0912739 -0.019948 0.0482084
0 0 721 0.177956 0.098643 -0.0541143 -0.0530756
0 0 722 -0.0173562 0.0904795 0.0681181 0.0869161
0 0 723 0.0895774 -0.108281 -0.0318766 0.129336
0 0 724 0.0329368 0.046374 -0.0492544 -0.0800112
0 0 725 0.055886 -0.0436529 0.0511827 0.0438558
0 0 726 0.0719993 0.00136055 0.00670719 0.00692194
0 0 727 -0.00319602 0.0064627 0.0810776 0.0203077
0 0 728 0.142312 -0.0081638 -0.010376 -0.00969107
0 0 729 0.0500266 -0.0218824 0.0717993 0.0249845
0 0 730 0.105691 0.0132662 -0.0401239 0.0148222
0 0 731 0.105691 0.0139462 -0.0837154 -0.0629137
0 0 732 0.0583274 -0.0682567 0.0712109 0.104498
0 0 733 0.0744407 -0.00181424 -0.0491076 0.0172407
0 0 734 0.0187766 -0.0253976 0.0756292 -0.0816248
0 0 735 0.106667 0.0064627 0.0410204 0.0959493
0 0 736 0.115456 -0.0755132 0.0837288 0.00321024
0 0 737 0.0934837 -0.0531763 0.0379286 0.0215971
0 0 738 0.0768821 0.0445601 0.0217285 0.0838529
0 0 739 0.0441673 0.0456931 -0.0192118 -0.0821093
0 0 740 0.0719993 0.107033 -0.122742 -0.0985583
0 0 741 0.0793235 0.00442184 0.0553055 0.155462
0 0 742 0.157449 0.0301596 -0.0899 -0.0277537
0 0 743 0.136452 0.0690504 -0.0835676 0.00643747
0 0 744 0.0470969 0.0208622 0.0277662 -0.0729159
0 0 745 0.12571 0.0209757 -0.0623617 0.0101454
0 0 746 -0.0119851 0.0287997 -0.0436583 -0.140814
0 0 747 0.155495 0.0702978 -0.0670738 -0.0706576
0 0 748 0.0861594 -0.0382103 0.0601654 0.0778868
0 0 749 0.118386 0.06066 -0.0594158 -0.000337427
0 0 750 0.109109 0.068257 0.0271778 -0.0306566
0 0 751 0.0783469 0.0790278 -0.0825377 0.0736906
0 0 752 0.124734 0.0623604 -0.0691357 -0.0375918
0 0 753 0.204812 -0.00238072 0.0313005 0.0143415
0 0 754 -0.0837624 -0.118825 0.00935841 0.0177252
0 0 755 0.160866 0.00272144 0.109648 -0.0835589
0 0 756 0.0920188 -0.0343546 -0.10124 -0.0182398
0 0 757 0.178933 0.0664431 0.11436 0.0840132
0 0 758 0.0207298 0.0930878 0.00611782 0.0849821
0 0 759 0.164773 -0.105787 -0.0432167 0.0646612
0 0 760 0.163796 0.0367361 -0.0532312 -0.0342081
0 0 761 0.134499 -0.0671228 0.00788593 -0.102915
0 0 762 0.0842063 0.0100914 -0.0566177 -0.0927523
0 0 763 0.138894 0.10454 -0.0292263 0.127077
0 0 764 0.208718 0.0485283 0.00832748 0.0367567
0 0 765 0.0954368 0.0328814 -0.0769415 0.00111597
0 0 766 0.0983665 -0.000226368 -0.0351171 -0.0190447
0 0 767 0.133523 0.0287997 -0.0686941 -0.0363024
0 0 768 0.191628 0.00578273 -0.10183 -0.0414637
0 0 769 0.0876243 -0.0582784 -0.0667791 0.00611323
0 0 770 0.219949 0.0640618 -0.0342331 0.0104696
0 0 771 0.212136 0.0748326 -0.151459 0.0227262
0 0 772 0.246316 0.0627009 0.0224648 -0.0304964
0 0 773 0.195046 0.0388905 -0.152047 0.120463
0 0 774 0.187234 -0.00283467 0.00273132 -0.0885599
0 0 775 0.282449 0.131752 -0.101388 -0.0163058
0 0 776 0.226784 0.0458065 -0.0862188 -0.0548494
0 0 777 0.195046 0.00510276 -0.0703135 -0.102106
0 0 778 0.214089 0.0409314 0.0433769 -0.0633982
0 0 779 0.134499 0.147965 -0.157939 0.0470793
0 0 780 0.261452 0.131184 -0.0521994 -0.0129183
0 0 781 0.238503 0.0196158 -0.0610361 0.069338
0 0 782 0.395241 0.0322005 -0.0519056 0.0180494
0 0 783 0.281472 0.0657622 -0.147335 0.09466
0 0 784 0.393288 -0.0382103 -0.00536823 -0.076784
0 0 785 0.263406 0.0176875 0.0426407 0.0453054
0 0 786 0.35862 -0.0861715 -0.0125847 0.00675791
0 0 787 0.305398 -0.0154203 -0.0619192 0.085951
0 0 788 0.263406 0.0328814 -0.126718 0.0396597
0 0 789 0.355202 0.00714363 -0.05058 -0.0595263
0 0 790 0.372292 0.0985304 -0.106248 -0.0203379
0 0 791 0.422097 0.0277792 -0.142623 0.104014
0 0 792 0.330788 0.154542 -0.0417442 0.0586912
0 0 793 0.452859 0.0124718 0.0685596 0.0215971
0 0 794 0.473366 0.0248314 0.0133343 -0.0208185
0 0 795 0.518777 0.0742661 -0.137321 0.0307905
0 0 796 0.56614 0.0966021 -0.0778246 -0.117105
0 0 797 0.60032 0.017121 -0.0327606 -0.0563028
0 0 798 0.61155 0.00997795 -0.141887 -0.108557
0 0 799 0.681863 0.125969 -0.0617723 0.0109541
0 0 800 0.59739 0.0107714 -0.0791502 0.0988523
0 0 801 0.592507 0.0675761 -0.172812 -0.0604952
0 0 802 0.605691 0.0339018 -0.0926981 0.0941755
0 0 803 0.556863 0.109528 0.0248213 0.0309507
0 0 804 0.623757 0.0458065 -0.0296679 -0.0369471
0 0 805 0.596413 0.0495488 -0.0411549 0.0307905
0 0 806 0.670632 0.0301596 -0.0689888 -0.0482386
0 0 807 0.679909 -0.0483011 -0.0164137 -0.0327547
0 0 808 0.6428 0.0446726 0.0679712 -0.0366266
0 0 809 0.699929 0.054197 0.0161324 -0.01066
0 0 810 0.69114 0.109528 -0.0283422 0.0414335
0 0 811 0.642312 0.0111119 -0.0417442 0.0524008
0 0 812 0.512917 0.154995 0.0625219 0.0198232
0 0 813 0.518777 0.124495 0.0637007 0.0433714
0 0 814 0.570534 -0.0116781 0.0829926 0.0969145
0 0 815 0.529031 -0.0490945 0.0940371 -0.00937063
0 0 816 0.67698 0.0360562 0.074893 -0.0732363
0 0 817 0.573952 0.0707508 0.057662 -0.144201
0 0 818 0.52073 -0.0255111 0.0249681 0.0553037
0 0 819 0.532937 0.117919 0.149852 0.00708216
0 0 820 0.499734 0.0890061 0.0585461 -0.0234011
0 0 821 0.505593 -0.0712045 0.0930061 -0.0069483
0 0 822 0.493874 0.0558983 0.0299759 -0.114042
0 0 823 0.593484 0.0782343 0.0208454 -0.0400141
0 0 824 0.551003 0.0759665 0.102284 -0.00888616
0 0 825 0.388894 -0.0120186 -0.0184755 -0.00743276
0 0 826 0.543191 0.0587326 0.123786 0.0309507
0 0 827 0.545144 -0.0556711 -0.0136156 0.0199835
0 0 828 0.541726 -0.00759636 0.00331974 0.0599806
0 0 829 0.562234 0.0378701 0.0980139 0.0482084
0 0 830 0.425515 0.0509087 0.106408 -0.0109804
0 0 831 0.420632 -0.042065 0.105377 -0.10985
0 0 832 0.351784 -0.00634896 -0.0602999 -0.0109804
0 0 833 0.54612 0.0591856 -0.00640011 -0.0914629
0 0 834 0.479714 0.0662161 -0.0405655 -0.057432
0 0 835 0.435769 0.145358 -0.0329075 0.0612737
0 0 836 0.501687 0.0210892 0.0489731 -0.0396898
0 0 837 0.407449 0.0501152 0.0869684 0.0257894
0 0 838 0.62864 0.02381 0.020256 0.022566
0 0 839 0.415261 0.0895726 0.030859 0.0422422
0 0 840 0.502663 0.0721117 0.0255575 0.0504667
0 0 841 0.508523 -0.027325 -0.0193586 -0.0714625
0 0 842 0.408425 0.0818631 -0.0192118 0.0893347
0 0 843 0.385964 0.0778948 -0.0345278 -0.0343683
0 0 844 0.528054 0.150799 0.025116 -0.0287226
0 0 845 0.427468 0.0115649 0.0564842 -0.0730761
0 0 846 0.375222 0.0651957 -0.0520525 0.104979
0 0 847 0.336648 0.0846974 0.0357189 0.039015
0 0 848 0.438699 0.090367 0.0405788 -0.0692042
0 0 849 0.448464 0.104086 -0.0311403 -0.0785578
0 0 850 0.398171 0.06066 0.0277662 0.0359518
0 0 851 0.454324 0.111569 0.10361 0.110464
0 0 852 0.452859 0.0132662 -0.0292263 -0.0500124
0 0 853 0.365945 0.124382 -0.0583849 -0.0654963
0 0 854 0.45237 0.0445601 0.157215 0.00256556
0 0 855 0.457741 0.0078236 0.129234 -0.0269488
0 0 856 0.427468 -0.0233568 0.0579567 -0.0430773
0 0 857 0.372781 0.0883252 0.0706215 0.0493376
0 0 858 0.377175 0.114403 0.0935955 0.0241758
0 0 859 0.311745 -0.0243772 0.0556002 -0.134203
0 0 860 0.430398 -0.0510229 -0.0168552 -0.00275595
0 0 861 0.350808 -0.035602 0.0821085 0.0122434
0 0 862 0.312722 0.0696169 0.115685 0.022566
0 0 863 0.340554 0.0315205 0.0635529 -0.0454958
0 0 864 0.323952 0.0824295 0.0620804 0.11772
0 0 865 0.330788 0.002154 0.0834341 0.0375654
0 0 866 0.402077 0.0857178 0.0394011 0.00305002
0 0 867 0.429421 0.119733 -0.0787077 -0.0690439
0 0 868 0.434304 0.00771011 0.0807829 -0.0937212
0 0 869 0.403542 0.154315 0.00744343 0.0151464
0 0 870 0.399148 0.0869652 0.0165739 -0.0316256
0 0 871 0.482644 0.0506827 0.0286503 -0.0916231
0 0 872 0.504616 0.0527235 0.0105362 0.0630476
0 0 873 0.426491 0.0789152 0.121724 0.0461103
0 0 874 0.386452 0.0293661 0.0254107 0.0248243
0 0 875 0.345925 -0.0464872 -0.0156775 -0.0854929
0 0 876 0.470437 0.0431992 0.0685596 0.0185339
0 0 877 0.425515 0.0047623 0.0525074 0.100786
0 0 878 0.373757 0.0912739 0.102579 -0.0675905
0 0 879 0.419656 0.0470539 -0.000214577 -0.0201739
0 0 880 0.396218 0.0236975 0.146171 -0.0482386
0 0 881 0.372292 0.0215432 0.106555 0.0686933
0 0 882 0.469949 0.0828835 0.0941849 -0.0329149
0 0 883 0.3928 0.0419518 0.0508881 -0.0069483
0 0 884 0.428445 0.0904795 0.020256 0.019499
0 0 885 0.358132 0.0713183 0.0523605 -0.0858172
0 0 886 0.53196 -0.0329946 0.0784273 0.0630476
0 0 887 0.448464 0.0828835 -0.0140572 0.0536939
0 0 888 0.336648 -0.0663294 0.00346756 -0.051462
0 0 889 0.433327 0.139461 0.0542746 0.0204679
0 0 890 0.331765 -0.064855 0.0728312 -0.0161417
0 0 891 0.473855 0.0230166 0.02703 -0.0274332
0 0 892 0.413308 0.156922 -0.0358534 0.0862715
0 0 893 0.366921 0.07472 0.0933008 0.060465
0 0 894 0.579324 0.0866247 -0.0170031 -0.0964602
0 0 895 0.544167 0.0286862 0.018342 0.0288565
0 0 896 0.455788 0.0600935 0.0542746 0.0172407
0 0 897 0.43821 -0.000793804 -0.104333 -0.0306566
0 0 898 0.427468 0.0180279 0.0486784 0.0744993
0 0 899 0.491921 -0.00192772 -0.0570593 -0.0298517
0 0 900 0.439187 -0.0179142 0.0124502 0.00885599
0 0 901 0.422097 0.0658757 0.0725365 0.0324041
0 0 902 0.381081 0.00714363 0.0120087 0.0533697
0 0 903 0.48362 0.00170101 0.101106 -0.10388
0 0 904 0.37571 0.0722252 -0.0441008 0.0675642
0 0 905 0.440652 0.00226749 -0.0445423 -0.0114649
0 0 906 0.448464 0.138668 0.0370445 0.0564329
0 0 907 0.512917 -0.0142864 0.0582514 -0.0551737
0 0 908 0.434304 0.0693909 -0.0632448 -0.0766237
0 0 909 0.471413 -0.0248312 0.0215816 0.0172407
0 0 910 0.515847 -0.020862 -0.0258389 0.0964338
0 0 911 0.541726 0.00260795 0.0120087 0.0564329
0 0 912 0.572976 -0.0242637 -0.0747318 0.0290167
0 0 913 0.606667 0.120526 -0.0439529 -0.00759298
0 0 914 0.615456 0.0995509 0.0645838 0.0403044
0 0 915 0.533913 -0.0345815 -0.0165606 -0.0117891
0 0 916 0.591042 -0.0450128 0.0137758 0.069338
0 0 917 0.568093 0.00895752 0.0186357 0.00998514
0 0 918 0.649636 -0.00396859 0.187111 -0.0116251
0 0 919 0.564187 -0.0727914 0.00670719 0.031275
0 0 920 0.761452 -0.0276655 0.105819 0.114496
0 0 921 0.838113 0.00453533 0.105966 0.0517561
0 0 922 0.810769 -0.0589594 0.138659 -0.0469492
0 0 923 0.794656 -0.0105442 0.276208 -0.0372713
0 0 924 1.07737 0.0206362 0.37208 0.144335
0 0 925 1.15208 -0.120866 0.405067 0.0114347
0 0 926 1.28147 -0.0983032 0.669856 0.11627
0 0 927 1.47971 -0.0927471 0.730236 0.0574018
0 0 928 1.68626 -0.113496 0.749086 0.120947
0 0 929 1.9426 -0.180393 0.957765 0.256911
0 0 930 1.96262 -0.361012 1.13081 0.122236
0 0 931 2.19944 -0.285612 1.15407 0.254328
0 0 932 2.21946 -0.387997 1.33271 0.273359
0 0 933 2.31907 -0.49265 1.29854 0.286745
0 0 934 2.34007 -0.570771 1.32564 0.132075
0 0 935 2.19407 -0.516574 1.15481 0.0922376
0 0 936 2.25169 -0.48664 1.1043 0.170138
0 0 937 2.14622 -0.500927 1.06689 0.142077
0 0 938 2.12376 -0.410673 1.03685 0.0596601
0 0 939 2.05051 -0.5617 0.904896 0.0880453
0 0 940 2.05198 -0.501041 0.868373 0.16643
0 0 941 2.02317 -0.508184 0.747908 0.105303
0 0 942 2.0886 -0.506709 0.826696 0.15917
0 0 943 1.95335 -0.457841 0.5354 0.014662
0 0 944 1.90305 -0.483466 0.542027 0.135786
0 0 945 1.85813 -0.582222 0.574426 0.27207
0 0 946 1.92063 -0.385276 0.528479 0.16675
0 0 947 1.84495 -0.581656 0.583851 0.178042
0 0 948 1.93968 -0.448657 0.499761 0.128206
0 0 949 1.91575 -0.488795 0.453372 0.240458
0 0 950 1.81809 -0.489135 0.515371 0.0951406
0 0 951 1.90403 -0.45512 0.547771 0.2232
0 0 952 1.90257 -0.512605 0.462944 0.220297
0 0 953 2.03831 -0.463511 0.373994 0.297552
0 0 954 1.87327 -0.368949 0.419058 0.180784
0 0 955 1.93186 -0.337655 0.405657 0.168364
0 0 956 2.05247 -0.512039 0.310374 0.199007
0 0 957 2.08762 -0.511471 0.410664 0.169653
0 0 958 2.21458 -0.59821 0.346749 0.171751
0 0 959 2.25852 -0.541631 0.25132 0.135302
0 0 960 2.25657 -0.532901 0.360446 0.211588
0 0 961 2.36692 -0.411241 0.304483 0.0409529
0 0 962 2.49778 -0.355003 0.263248 0.16643
0 0 963 2.39426 -0.439474 0.264426 0.0138571
0 0 964 2.4304 -0.352621 0.170764 0.198847
0 0 965 2.52854 -0.333574 0.15751 0.153689
0 0 966 2.59251 -0.291281 0.123197 0.0675642
0 0 967 2.65208 -0.374277 0.0868216 0.114817
0 0 968 2.80686 -0.283231 0.0326262 0.0543386
0 0 969 3.04954 -0.271325 0.0502987 0.0409529
0 0 970 3.09348 -0.296044 0.0223179 0.0930464
0 0 971 3.39182 -0.239579 -0.11906 0.0943357
0 0 972 3.45579 -0.163498 0.0469112 0.0114347
0 0 973 3.7346 -0.130391 -0.0873976 -0.0912989
0 0 974 3.89964 -0.0518163 -0.13791 -0.21081
0 0 975 4.18137 0.118485 -0.132461 0.0122434
0 0 976 4.49436 0.212821 -0.115967 -0.227102
0 0 977 4.81028 0.361012 -0.126571 -0.262583
0 0 978 5.13596 0.416343 -0.109488 -0.239359
0 0 979 5.51438 0.542879 -0.156907 -0.538698
0 0 980 6.07981 0.753658 -0.0635395 -0.653047
0 0 981 6.58274 1.04551 -0.0361471 -0.767557
0 0 982 7.21702 1.20844 0.0354242 -0.967226
0 0 983 7.60813 1.41944 0.215828 -1.14189
0 0 984 8.19163 1.57727 0.305809 -1.4135
0 0 985 8.75706 1.66764 0.501234 -1.70767
0 0 986 9.1135 1.85268 0.796507 -2.01459
0 0 987 9.59593 2.16868 0.946425 -2.33958
0 0 988 10.051 2.22741 1.26865 -2.73762
0 0 989 10.2986 2.39307 1.47527 -2.97519
0 0 990 10.5764 2.62629 1.94004 -3.28615
0 0 991 10.6194 2.65011 2.1605 -3.67677
0 0 992 10.6155 2.67278 2.70481 -3.92257
0 0 993 10.5984 2.48559 3.04927 -4.14804
0 0 994 10.5661 2.43286 3.298 -4.40722
0 0 995 10.5036 2.1417 3.67972 -4.73398
0 0 996 10.4636 1.93727 4.04834 -4.75736
0 0 997 10.5261 1.94679 4.25451 -4.79543
0 0 998 10.5364 1.70234 4.41503 -4.98703
0 0 999 10.529 1.42704 4.61281 -4.91591
0 0 1000 10.6506 1.03474 4.62518 -4.7343
0 0 1001 10.4914 0.715675 4.50148 -4.68591
0 0 1002 10.4724 0.413282 4.56863 -4.5977
0 0 1003 10.365 0.016441 4.63888 -4.26416
0 0 1004 10.199 -0.241506 4.63358 -3.86805
0 0 1005 9.98948 -0.478817 4.41047 -3.54936
0 0 1006 9.70091 -0.577234 4.36098 -3.21292
0 0 1007 9.36594 -0.596396 4.04082 -2.77327
0 0 1008 9.04514 -0.79731 3.92463 -2.61698
0 0 1009 8.79417 -0.789033 3.7108 -2.28716
0 0 1010 8.29124 -0.889491 3.46589 -1.84976
0 0 1011 7.98362 -0.886203 3.22481 -1.78928
0 0 1012 7.572 -0.913188 3.15795 -1.56929
0 0 1013 6.9553 -1.04233 2.9827 -1.25463
0 0 1014 6.56272 -0.927588 2.83588 -1.11238
0 0 1015 6.06858 -0.860125 2.81187 -0.977224
0 0 1016 5.57053 -0.859558 2.58478 -0.781591
0 0 1017 5.07884 -0.844024 2.4624 -0.665304
0 0 1018 4.7468 -0.90888 2.42441 -0.526762
0 0 1019 4.24485 -0.770893 2.27258 -0.306612
0 0 1020 3.9763 -0.791642 2.11088 -0.289518
0 0 1021 3.58469 -0.608301 2.00101 -0.236616
0 0 1022 3.26585 -0.605239 1.93018 -0.239359
0 0 1023 2.97874 -0.433577 1.60928 -0.093397
