File: vearly.FT Src: J1103-5403 Nsub: 1 Nch: 1 Npol: 4 Nbin: 1024 RMS: 0.137655
0 0 0 1.67036 -0.0517751 0.968514 -0.163754
0 0 1 1.44038 -0.405421 0.838373 -0.351849
0 0 2 1.27632 -0.301341 0.634884 0.0905075
0 0 3 0.984814 -0.327598 0.527734 0.0618362
0 0 4 1.02974 -0.0896454 0.512121 -0.140022
0 0 5 1.17915 -0.117101 0.466653 0.0560112
0 0 6 1.15376 -0.369192 0.536313 -0.110645
0 0 7 0.785107 -0.289664 0.463565 0.0407486
0 0 8 0.699658 -0.278871 0.378206 -0.114525
0 0 9 0.800244 -0.0175024 0.376919 0.0296326
0 0 10 0.764111 0.00212701 0.431652 -0.0710297
0 0 11 0.7729 -0.0368163 0.493677 0.244106
0 0 12 0.690381 -0.181544 0.385927 0.0856552
0 0 13 0.802197 -0.05714 0.165537 0.0418091
0 0 14 0.604443 -0.0491242 0.124015 -0.149551
0 0 15 0.690381 -0.0693848 0.319098 0.0898018
0 0 16 0.73335 -0.0439486 0.185268 -0.187664
0 0 17 0.534131 0.0304667 -0.0401832 -0.0550613
0 0 18 0.478955 -0.0983556 -0.021996 0.0831871
0 0 19 0.311475 0.0605736 0.240001 -0.0497665
0 0 20 0.518506 0.0977497 0.0666231 0.0529251
0 0 21 0.35835 -0.0445166 0.164936 -0.112232
0 0 22 0.222119 -0.0419919 0.261191 -0.0316811
0 0 23 0.590771 -0.0100546 -0.0568261 0.0298996
0 0 24 0.461865 0.00427302 0.129334 0.151031
0 0 25 0.407178 0.0807711 0.132852 0.246754
0 0 26 0.532178 -0.106498 0.0595885 0.0192223
0 0 27 0.473096 0.0949094 -0.0683217 -0.121231
0 0 28 0.402783 -0.171193 0.0576153 0.154736
0 0 29 0.518018 -0.126822 0.0250158 -0.0740318
0 0 30 0.331006 -0.0871207 -0.16938 0.125271
0 0 31 0.462842 0.108921 0.0480928 -0.0718231
0 0 32 0.393994 0.0483289 0.125302 -0.0952034
0 0 33 0.513623 -0.18287 0.0443182 -0.0142136
0 0 34 0.224561 0.0880928 0.300653 0.209789
0 0 35 0.357861 0.108227 0.0351388 -0.0834694
0 0 36 0.369092 -0.0291791 0.0406293 -0.200016
0 0 37 0.335889 -0.0578343 0.254242 -0.179371
0 0 38 0.487744 -0.207485 0.0505807 -0.00715637
0 0 39 0.516064 -0.0258339 0.087727 -0.11179
0 0 40 0.317334 -0.135342 0.0615616 -0.0244484
0 0 41 0.221143 -0.102269 -0.0630887 0.0750694
0 0 42 0.337842 -0.0874994 0.15284 0.0567207
0 0 43 0.610791 0.0782465 0.0518675 0.0160484
0 0 44 0.192822 -0.0989237 0.00760084 -0.00406647
0 0 45 0.28999 -0.160779 0.130106 0.0471916
0 0 46 0.325635 -0.00437407 0.0279326 -0.0133324
0 0 47 0.472119 -0.0730456 -0.115848 0.17688
0 0 48 0.409619 0.0134881 -0.0569118 -0.00256729
0 0 49 0.222119 -0.0640198 0.0800061 -0.0856743
0 0 50 0.433545 -0.0517751 0.0872123 -0.113907
0 0 51 0.573682 -0.0724776 0.0789766 -0.034771
0 0 52 0.268506 -0.0924857 -0.130347 0.0364265
0 0 53 0.271436 0.0553349 0.178062 -0.159962
0 0 54 0.248975 0.138082 0.0169517 -0.176811
0 0 55 0.18208 -0.0577712 -0.00252218 -0.207161
0 0 56 0.298779 0.094152 0.0581301 -0.0570908
0 0 57 0.350537 0.0454255 0.121442 -0.0220642
0 0 58 0.206006 0.0776784 -0.146646 0.0839806
0 0 59 0.267041 0.0686527 0.0379698 0.0380135
0 0 60 0.227002 0.0983178 0.153183 0.0344849
0 0 61 0.160107 -0.086174 0.175746 -0.00583267
0 0 62 0.236768 0.033307 0.00991713 0.014019
0 0 63 0.390088 0.0071133 -0.150764 0.0229301
0 0 64 0.409131 -0.0927382 0.068682 0.0942154
0 0 65 0.344678 -0.130861 0.11578 0.043663
0 0 66 0.134717 0.079067 0.0283616 0.097744
0 0 67 0.316846 0.0706724 0.0409724 0.196819
0 0 68 0.222607 -0.14077 -0.16449 0.0635109
0 0 69 0.305615 0.23017 0.0315357 0.0071373
0 0 70 0.449658 0.037094 -0.0282586 0.0648346
0 0 71 0.33833 0.219945 -0.271468 -0.0120964
0 0 72 0.269971 0.0013065 -0.0118731 0.130299
0 0 73 0.242139 0.0949725 -0.0490193 -0.0394478
0 0 74 0.381787 -0.00607816 -0.107613 0.119446
0 0 75 0.299268 -0.0505127 0.0271605 0.186764
0 0 76 0.0893066 -0.0113169 -0.147161 0.0703926
0 0 77 0.23042 -0.0263389 -0.0399258 0.0931549
0 0 78 0.237744 -0.0550572 -0.123569 0.163204
0 0 79 0.372998 0.0523053 0.0436318 0.194702
0 0 80 0.30415 -0.1604 0.142631 -0.17849
0 0 81 0.173779 -0.013526 -0.0470462 0.0280457
0 0 82 0.288037 0.128488 0.0471492 -0.045269
0 0 83 0.28999 -0.0398459 0.0408009 0.055397
0 0 84 0.394482 -0.0207214 0.100767 -0.0796776
0 0 85 0.24165 0.00503047 -0.199921 -0.161018
0 0 86 0.249463 0.125332 0.101625 -0.143726
0 0 87 0.472607 0.0288257 -0.147161 0.0617485
0 0 88 0.378369 -0.0423706 0.0245011 0.146973
0 0 89 0.339795 0.118578 -0.20421 0.148209
0 0 90 0.565381 -0.075949 -0.0998918 0.036869
0 0 91 0.263135 0.0698519 -0.0514214 0.263515
0 0 92 0.374951 0.12893 0.0250158 -0.0792351
0 0 93 0.171338 -0.0481774 0.0750303 0.152885
0 0 94 0.220654 0.106839 -0.178388 0.0871544
0 0 95 0.352002 -0.0482405 -0.177444 0.04216
0 0 96 0.371045 0.0659386 0.0329941 0.0925369
0 0 97 0.346143 -0.00266985 -0.149048 -0.118847
0 0 98 0.247998 0.0622778 0.202855 0.0227509
0 0 99 0.365186 -0.157433 0.0883275 -0.238567
0 0 100 0.275342 0.0427115 -0.079131 0.125179
0 0 101 0.285107 -0.101953 0.130707 0.153679
0 0 102 0.344189 0.16882 -0.098176 0.301807
0 0 103 0.297803 0.252766 0.0685962 0.0620117
0 0 104 0.399365 0.0872091 -0.00706894 -0.0448265
0 0 105 0.275342 0.0674534 0.142975 -0.0827637
0 0 106 0.146436 0.0351374 -0.0549387 0.166557
0 0 107 0.0458496 0.0472559 -0.049963 0.0826569
0 0 108 0.225049 0.163202 -0.25757 0.0103111
0 0 109 0.102002 0.0199892 -0.021996 0.0844231
0 0 110 0.091748 -0.102585 0.0900432 -0.124405
0 0 111 0.198682 -0.0270963 0.106515 0.0145454
0 0 112 0.158643 -0.00771926 -0.16389 0.113888
0 0 113 0.0355957 -0.156297 0.0627626 0.11124
0 0 114 0.0585449 0.0826647 0.118782 0.00395966
0 0 115 0.186963 -0.214807 -0.0144467 0.0102234
0 0 116 0.293896 -0.00891844 -0.142786 -0.121231
0 0 117 0.217725 0.0259223 0.143232 0.237579
0 0 118 0.261182 0.0386719 0.0664515 0.00122452
0 0 119 0.0897949 0.15304 -0.199921 0.061306
0 0 120 0.261182 -0.0498184 0.108659 -0.0343285
0 0 121 0.260205 0.249484 -0.0898545 -0.190399
0 0 122 0.265088 0.0500962 -0.12254 -0.0502968
0 0 123 0.255322 0.140796 -0.0111868 -0.201515
0 0 124 0.162061 0.0131094 0.0130913 -0.111702
0 0 125 -0.123096 0.00193771 -0.00749785 -0.026741
0 0 126 0.178174 0.178729 -0.0449873 0.271282
0 0 127 0.178174 0.145719 -0.00346584 0.0521317
0 0 128 0.263623 0.114981 -0.121425 -0.0979385
0 0 129 0.2021 -0.186783 -0.156683 0.0996857
0 0 130 0.155713 0.0176539 0.0608753 0.11142
0 0 131 0.323193 -0.0273487 -0.0149615 -0.107025
0 0 132 0.21333 0.0425221 0.101282 0.0950089
0 0 133 0.327588 0.0468141 0.075974 -0.0726204
0 0 134 0.320752 -0.174096 0.00339722 0.0163116
0 0 135 0.0897949 -0.00254361 0.00528454 0.249577
0 0 136 0.250928 -0.159769 -0.0428426 0.217728
0 0 137 -0.0356934 0.0376621 -0.066177 0.106918
0 0 138 0.051709 0.152031 0.0970779 0.240757
0 0 139 0.0702637 0.0439107 0.163478 0.0584831
0 0 140 0.212354 0.0409442 0.107115 0.0493088
0 0 141 0.0756348 0.0773628 0.057358 0.114948
0 0 142 0.0590332 0.000990948 -0.0817046 -0.161106
0 0 143 0.277783 -0.134206 -0.0225108 0.0415459
0 0 144 0.111279 0.00351562 0.210318 -0.194458
0 0 145 0.127881 0.225941 0.0391709 -0.302532
0 0 146 0.308545 -0.0828288 -0.105983 -0.00724411
0 0 147 0.35542 0.0601949 -0.219738 0.0733948
0 0 148 0.3271 -0.0038691 0.214265 0.0448952
0 0 149 0.100049 0.164654 0.14795 0.158443
0 0 150 0.277295 0.199937 0.204399 -0.107204
0 0 151 0.128857 0.0293306 0.00597089 0.167088
0 0 152 0.332959 -0.144684 -0.218279 0.019577
0 0 153 0.0546387 -0.0679331 -0.093286 0.0746269
0 0 154 0.0683105 -0.132628 -0.0486763 -0.140285
0 0 155 0.0712402 0.0155079 0.00253933 0.0388985
0 0 156 0.180127 -0.0496922 -0.258343 0.0401344
0 0 157 0.330518 0.086073 -0.0168488 0.0553055
0 0 158 0.0570801 -0.128147 0.0283616 0.0872459
0 0 159 0.204053 0.0849369 -0.0259423 -0.109142
0 0 160 0.27876 0.263433 -0.0229398 0.154118
0 0 161 0.152295 -0.0177549 0.0242438 0.136032
0 0 162 0.212842 0.0116578 0.016866 0.10392
0 0 163 0.256299 -0.136605 -0.0723537 -0.145668
0 0 164 0.376416 0.0877772 -0.144244 -0.109848
0 0 165 0.235303 0.065623 -0.0449873 0.0584831
0 0 166 -0.123584 -0.0572032 0.0560712 -0.0716476
0 0 167 0.0185059 0.00370499 -0.0457594 0.019577
0 0 168 0.220166 0.146034 0.0607895 -0.0988197
0 0 169 0.240186 0.0148767 -0.0850504 -0.0161552
0 0 170 0.151318 0.0485814 -0.0690938 0.0345726
0 0 171 0.176221 0.00490423 -0.0283444 0.31707
0 0 172 0.0746582 -0.117417 -0.197347 -0.124935
0 0 173 0.10542 0.102484 0.00365459 0.298279
0 0 174 0.135693 -0.111168 0.130278 0.0735703
0 0 175 0.133252 0.212434 -0.140041 -0.2211
0 0 176 0.222607 0.0933315 0.101453 -0.140816
0 0 177 0.243604 -0.120952 -0.0225966 -0.191105
0 0 178 -0.0132324 0.0527471 0.0824081 -0.133141
0 0 179 0.0277832 0.148812 0.0377983 0.0519562
0 0 180 0.0824707 0.200568 0.154813 0.0245171
0 0 181 0.0321777 -0.12335 -0.0415558 0.0334282
0 0 182 0.165967 -0.14784 0.0644784 -0.0721779
0 0 183 0.209424 -0.0252027 -0.17916 -0.154491
0 0 184 0.13374 0.0104585 0.0876412 0.037838
0 0 185 0.0858887 0.206943 -0.0427568 0.0992432
0 0 186 0.0751465 0.101726 -0.0364086 0.0680122
0 0 187 0.194775 0.176962 -0.204039 0.01437
0 0 188 0.254346 0.0879665 -0.0460168 -0.170811
0 0 189 0.127881 0.167116 -0.0352075 -0.169399
0 0 190 0.110303 0.0398081 0.00537037 -0.0537376
0 0 191 0.199658 0.298084 0.0790624 -0.00406647
0 0 192 0.212354 0.0873353 -0.161059 0.0565414
0 0 193 0.27583 -0.30942 -0.137124 0.0457802
0 0 194 0.140576 0.0207466 -0.291886 -0.171429
0 0 195 -0.00444336 -0.040414 0.0738293 -0.0151825
0 0 196 0.0912598 -0.0127055 -0.00346584 0.0755119
0 0 197 0.0683105 -0.00973896 -0.0183072 -0.0129776
0 0 198 -0.203662 0.0820335 -0.0659196 0.0643959
0 0 199 -0.237842 -0.179209 0.0220132 -0.0368881
0 0 200 -0.0835449 -0.0385836 0.0510096 -0.0565605
0 0 201 0.16499 -0.00481586 0.105228 -0.000450134
0 0 202 -0.00932617 0.133158 0.0577869 0.15509
0 0 203 0.0736816 0.0495281 0.0697114 -0.00151062
0 0 204 0.169385 -0.0800516 -0.107784 0.00104904
0 0 205 0.169385 0.143068 -0.0552819 0.037838
0 0 206 0.174756 -0.0897086 -0.172983 -0.0890274
0 0 207 -0.00639648 -0.076454 0.180636 -0.212189
0 0 208 0.164014 0.100653 -0.07467 -0.0641479
0 0 209 0.0355957 0.00957485 0.144261 -0.0562096
0 0 210 0.0741699 0.114286 -0.0848788 -0.141697
0 0 211 -0.00200195 -0.016177 -0.0121304 0.0212517
0 0 212 -0.038623 0.132085 -0.231148 -0.023037
0 0 213 -0.0425293 -0.131177 -0.0701232 -0.0696182
0 0 214 0.0751465 0.082854 -0.0198513 -0.211132
0 0 215 0.30415 0.00572475 -0.0392395 0.0148125
0 0 216 0.000927734 0.0388613 0.0460339 0.0521317
0 0 217 0.0438965 -0.199406 -0.0259423 -0.0263901
0 0 218 0.181592 0.137577 0.0563285 -0.0177422
0 0 219 0.413037 -0.0275381 -0.0255991 0.113888
0 0 220 0.164014 -0.0225518 -0.128888 -0.131111
0 0 221 0.00629883 0.107785 0.264622 -0.108791
0 0 222 0.288037 -0.013526 0.000308865 0.0509834
0 0 223 0.0751465 0.199432 0.314208 -0.20425
0 0 224 0.0277832 -0.115397 -0.194688 -0.0281525
0 0 225 0.132764 0.0167703 -0.00398058 0.143002
0 0 226 0.100537 0.03438 0.0709983 -0.0675888
0 0 227 0.165967 0.167116 0.0476639 -0.0667953
0 0 228 0.148389 0.145719 -0.063775 -0.0281525
0 0 229 -0.026416 0.0885977 -0.128116 -0.0497665
0 0 230 0.0766113 -0.029116 0.173858 -0.189251
0 0 231 -0.00688477 -0.0324612 0.00245356 -0.0207405
0 0 232 0.29292 -0.096967 -0.231233 -0.136757
0 0 233 0.297314 -0.0709627 -0.11499 -0.146729
0 0 234 0.208447 -0.0539211 0.0417445 0.137531
0 0 235 0.0175293 0.199242 0.150009 -0.0860291
0 0 236 0.204053 -0.115523 0.0156649 0.0276031
0 0 237 0.115674 0.146224 0.0939037 0.0743637
0 0 238 0.289014 -0.013526 0.00288247 0.01437
0 0 239 0.157666 0.00383123 0.134825 -0.0128899
0 0 240 0.184033 0.0458042 0.120498 -0.0177422
0 0 241 0.223584 0.168062 0.0504091 0.15218
0 0 242 0.0819824 -0.00917093 -0.0787021 0.0385437
0 0 243 0.311963 0.0249124 -0.0437005 -0.0312424
0 0 244 0.383252 0.0942782 0.0704836 -0.164726
0 0 245 -0.0210449 -0.0970933 0.15121 -0.171165
0 0 246 0.329053 -0.132755 0.152669 -0.110115
0 0 247 0.162549 -0.0585286 -0.0667775 -0.143463
0 0 248 0.124951 0.00219019 0.0288763 0.0828323
0 0 249 0.173779 -0.107445 0.173858 0.0487785
0 0 250 0.0546387 -0.0384573 -0.015133 0.0484276
0 0 251 -0.119678 0.10545 0.0261311 -0.13261
0 0 252 0.0878418 0.0928897 0.122729 0.0927162
0 0 253 -0.00688477 0.0782465 0.174716 0.0328979
0 0 254 0.128369 0.206816 -0.0698658 -0.0356522
0 0 255 0.391553 -0.087247 -0.0550245 -0.0763245
0 0 256 0.271924 0.0718716 -0.0153904 -0.098732
0 0 257 0.076123 -0.136226 0.28401 0.00237274
0 0 258 0.249463 0.0588064 0.133538 -0.168079
0 0 259 0.183057 -0.00853978 0.113034 -0.0280647
0 0 260 0.15376 0.140038 0.0256163 -0.038475
0 0 261 0.173779 0.00692399 0.15876 -0.0128899
0 0 262 0.271436 -0.081882 0.0860112 0.0746269
0 0 263 0.166943 0.0939627 0.0939895 -0.287621
0 0 264 0.0175293 0.0536307 0.148551 0.00519562
0 0 265 0.123486 0.131454 0.13491 -0.113377
0 0 266 0.477979 0.115991 0.128734 0.0723343
0 0 267 0.168408 0.0973079 0.0343667 0.325363
0 0 268 0.145947 0.0448574 0.0211554 0.0272522
0 0 269 0.199658 0.0985071 0.0391709 -0.0562096
0 0 270 0.158154 0.168946 -0.0343496 -0.0980263
0 0 271 0.0614746 0.0969292 0.198565 -0.087883
0 0 272 0.0307129 -0.0176918 -0.126743 -0.0183601
0 0 273 0.302197 0.160425 -0.0437005 0.00201797
0 0 274 0.35835 0.178603 0.104885 -0.149109
0 0 275 0.30415 0.119525 -0.0781015 -0.0751762
0 0 276 -0.0190918 -0.164313 0.0894427 -0.147167
0 0 277 0.362744 -0.0317038 -0.0162482 0.0887451
0 0 278 0.329541 0.0206835 -0.0273149 -0.147873
0 0 279 0.0619629 0.135999 0.0297342 -0.163841
0 0 280 0.277295 -0.0440116 0.139629 -0.0657387
0 0 281 0.0380371 -0.0228674 0.0767461 0.0194016
0 0 282 0.225537 -0.037195 0.159961 -0.0647659
0 0 283 0.201123 0.179739 0.0718562 -0.126877
0 0 284 0.0429199 0.10848 0.0504949 -0.0572662
0 0 285 0.297803 0.138902 0.101024 -0.0847931
0 0 286 0.351025 -0.0207845 0.101196 0.0618362
0 0 287 0.104443 0.000422916 0.000394636 -0.108879
0 0 288 0.225537 0.107722 0.15121 -0.0181847
0 0 289 0.206494 0.0475084 0.110804 -0.00848007
0 0 290 0.238721 0.0740807 -0.116106 0.0568085
0 0 291 0.104443 0.114223 0.19196 -0.0628242
0 0 292 0.435986 0.175763 0.133281 -0.159695
0 0 293 0.185986 0.0132356 -0.07467 -0.0714722
0 0 294 0.326123 0.134547 0.0184101 -0.0766754
0 0 295 0.226514 -0.187288 0.0667947 -1.14441e-05
0 0 296 -0.00639648 0.143383 -0.143729 0.112034
0 0 297 0.0624512 -0.0323981 0.0813786 -0.219864
0 0 298 0.0175293 0.125963 -0.224885 -0.135788
0 0 299 0.0492676 0.083927 0.288386 -0.0183601
0 0 300 0.353955 0.156322 0.0271605 -0.00962448
0 0 301 0.191357 -0.0513964 -0.231233 0.0121651
0 0 302 0.215771 -0.00696186 0.0541838 -0.0299187
0 0 303 0.114697 0.152725 0.117324 -0.117172
0 0 304 0.310986 -0.0216051 0.289158 0.0142822
0 0 305 0.193799 -0.0292422 0.0160081 0.0883904
0 0 306 0.292432 0.113971 0.0707409 -0.0634422
0 0 307 0.274854 0.00749203 0.0204691 -0.203983
0 0 308 0.245068 0.138082 -0.111387 -0.0510902
0 0 309 0.165967 0.026869 0.0976784 0.0773621
0 0 310 -0.112354 0.127541 0.162534 -0.0528564
0 0 311 -0.0293457 0.0497174 -0.0378668 0.0520439
0 0 312 0.265576 0.0583645 -0.0446441 -0.0355644
0 0 313 0.175244 0.167305 0.0026251 0.195232
0 0 314 0.267529 0.14635 -0.184736 0.0224876
0 0 315 0.256299 -0.160084 -0.0881387 0.101097
0 0 316 0.129834 -0.0541104 0.124444 -0.00547791
0 0 317 0.431592 0.1348 -0.0559682 -0.129257
0 0 318 0.200635 0.0437213 -0.126315 -0.014389
0 0 319 0.336865 -0.0699529 0.157816 0.105244
0 0 320 0.0175293 0.0608892 -0.0292023 0.0403099
0 0 321 0.285107 0.0153186 0.0677383 -0.00230408
0 0 322 0.254834 0.0486445 0.0170375 0.0134888
0 0 323 0.198682 0.0171489 0.044404 -0.0547981
0 0 324 0.143994 -0.0332187 -0.0711527 -0.128288
0 0 325 0.172314 -0.151437 0.0352246 0.11874
0 0 326 0.00141602 0.135873 0.0872123 -0.145756
0 0 327 0.257764 0.107975 0.0302489 -0.0114784
0 0 328 0.140088 0.0389244 -0.00372321 0.0321922
0 0 329 0.176221 -0.0728562 -0.0149615 0.0968628
0 0 330 0.142529 0.0415753 0.190587 -0.051796
0 0 331 0.17915 0.0738914 0.0936463 0.117416
0 0 332 0.171826 0.0826647 0.125645 0.0809822
0 0 333 0.184521 0.128551 -0.0502204 -0.18396
0 0 334 0.247021 0.0163284 0.0474923 0.026371
0 0 335 0.24751 0.000738463 -0.168265 -0.000362396
0 0 336 0.11665 0.087146 -0.0451589 0.0572472
0 0 337 0.163525 -0.0852272 -0.0561398 -0.0948524
0 0 338 0.19624 0.0815286 -0.204553 0.0306931
0 0 339 0.23335 0.0730708 0.0835234 0.238461
0 0 340 0.0438965 -0.0767064 0.148379 0.134357
0 0 341 0.250928 -0.00292234 0.22679 0.085743
0 0 342 0.248975 0.16964 0.133452 0.0366936
0 0 343 0.178662 -0.0387098 0.122385 -0.132523
0 0 344 0.0126465 0.145908 0.14409 0.0275154
0 0 345 0.134229 0.138019 0.12882 -0.0486221
0 0 346 0.114209 -0.0341654 -0.147247 0.0768356
0 0 347 0.215771 -0.127642 -0.110444 -0.103672
0 0 348 0.277295 -0.0185754 -0.0853077 -0.0575333
0 0 349 0.0595215 0.0190425 0.016437 -0.0201263
0 0 350 0.184033 0.109616 0.0304205 0.0407486
0 0 351 -0.0200684 0.00862809 0.0377125 -0.177078
0 0 352 0.231885 0.00118025 0.195648 0.0115471
0 0 353 0.0375488 -0.156423 -0.0163341 -0.0835571
0 0 354 0.144971 0.0999588 -0.0236261 -0.137993
0 0 355 0.0897949 0.128235 -0.145188 -0.0548859
0 0 356 0.11958 0.115549 0.0958769 0.0739212
0 0 357 0.0648926 -0.213734 -0.053995 -0.194191
0 0 358 0.185498 -0.0123268 -0.0407837 0.102596
0 0 359 0.162549 -0.191012 0.0577011 -0.0779114
0 0 360 0.137646 -0.0264019 -0.0109294 -0.21907
0 0 361 0.207959 -0.0190803 0.236569 -0.0927353
0 0 362 0.244092 -0.0239404 -0.0825626 -0.0675888
0 0 363 0.13374 0.0355161 -0.134464 0.154472
0 0 364 0.0878418 0.0174014 0.0406293 -0.0724411
0 0 365 0.0634277 0.088787 0.112691 -0.137463
0 0 366 0.067334 0.15222 0.150438 -0.0689125
0 0 367 0.108838 0.142374 -0.0130741 -0.00530243
0 0 368 0.195752 -0.119626 -0.0747558 -0.081089
0 0 369 0.157666 -0.2179 0.186641 -0.251362
0 0 370 0.111768 0.222469 -0.077072 -0.224541
0 0 371 0.141064 0.0235238 0.149151 -0.149902
0 0 372 0.191357 -0.0294316 -0.191857 0.0656281
0 0 373 0.0580566 0.00256886 -0.265377 0.0883904
0 0 374 0.247021 0.0442263 -0.0587992 -0.0702362
0 0 375 0.0922363 0.0389875 -0.0223392 -0.128551
0 0 376 0.0941895 0.00061222 -0.0271434 -0.0848808
0 0 377 0.0834473 0.212876 0.0900432 -0.0306244
0 0 378 0.0473145 0.181633 0.00940239 -0.0975876
0 0 379 0.2104 -0.0115694 0.132766 -0.0560341
0 0 380 0.325635 0.0136775 -0.277731 0.181026
0 0 381 -0.0210449 0.0639189 -0.051164 -0.0792351
0 0 382 0.154248 -0.134396 -0.0224251 -0.0485344
0 0 383 0.0165527 0.0636664 0.0256163 -0.00468445
0 0 384 0.173779 0.153482 -0.162603 -0.177959
0 0 385 0.128857 0.00503047 -0.0877956 0.232197
0 0 386 0.122021 0.0845582 -0.048762 -0.12167
0 0 387 0.140088 -0.0875626 -0.0931145 -0.267506
0 0 388 0.195752 -0.111863 0.0584732 -0.134727
0 0 389 0.0526855 -0.016177 0.15224 -0.0632668
0 0 390 0.0634277 -0.188992 0.128219 -0.0929985
0 0 391 0.231396 0.11618 -0.101779 -0.135612
0 0 392 0.172314 0.161372 0.0964774 0.0196648
0 0 393 0.114209 0.221901 0.0284474 -0.154667
0 0 394 -0.129932 0.0411335 -0.0957739 0.0684509
0 0 395 0.329053 -0.156045 0.154556 -0.127407
0 0 396 0.0043457 0.176646 -0.0628313 0.111946
0 0 397 0.115186 0.0161391 0.11475 -0.0410347
0 0 398 0.117139 -0.170877 -0.0671207 0.0119019
0 0 399 0.0126465 0.143131 -0.0721822 -0.00450897
0 0 400 0.0243652 0.121103 0.0359967 -0.308445
0 0 401 0.165967 -0.0257076 -0.0350359 -0.034153
0 0 402 0.116162 0.201641 -0.0424994 0.100918
0 0 403 -0.0200684 -0.183185 -0.0362369 -0.029213
0 0 404 -0.0186035 0.0421434 -0.16612 0.183586
0 0 405 0.104932 0.177656 -0.140727 0.146709
0 0 406 0.0131348 -0.0803672 0.0160938 0.111771
0 0 407 0.0941895 0.0034525 0.0475781 -0.0436821
0 0 408 0.227002 -0.053353 -0.158742 0.0591011
0 0 409 0.219678 0.0921954 -0.113618 0.264225
0 0 410 0.197217 -0.0618738 0.102911 0.0236359
0 0 411 0.203076 0.0165178 0.0027967 -0.243687
0 0 412 0.155225 -0.0169344 0.041144 -0.148052
0 0 413 0.190869 -0.0332187 0.116895 -0.0553284
0 0 414 0.339307 -0.113125 0.128734 0.0138435
0 0 415 0.0668457 0.196654 0.0734861 -0.0287704
0 0 416 0.243604 0.227203 0.0143781 -0.11726
0 0 417 0.21626 -0.0776532 -0.22274 0.0927162
0 0 418 -0.0571777 -0.101701 0.0830944 -0.0284195
0 0 419 0.112744 -0.0156089 -0.0208808 -0.0131569
0 0 420 0.206494 0.0925741 0.0926169 -0.201073
0 0 421 0.13667 0.0298986 0.097421 -0.320442
0 0 422 -0.288623 -0.0509546 -0.0587992 -0.0251541
0 0 423 0.095166 0.109679 -0.0355506 -0.0871773
0 0 424 0.175244 0.129435 0.0774324 -0.0472107
0 0 425 -0.014209 -0.0284849 -0.0117015 0.148914
0 0 426 0.166943 0.189396 -0.0328055 0.161266
0 0 427 0.00776367 -0.0642092 0.0337662 0.0630722
0 0 428 0.228467 -0.124486 -0.14493 -0.179104
0 0 429 0.0390137 0.205301 -0.00552476 0.0252228
0 0 430 0.154248 0.0316659 0.0554706 -0.108173
0 0 431 0.0199707 -0.127516 0.194533 -0.184753
0 0 432 0.113232 -0.0494398 0.114493 -0.104027
0 0 433 0.244092 0.0613941 -0.0431857 0.013134
0 0 434 0.181592 0.19798 0.34552 -0.00989151
0 0 435 0.343213 0.031161 -0.0870235 0.0161362
0 0 436 0.256787 0.175195 -0.0302317 -0.0544434
0 0 437 0.123975 0.000233492 -0.0565687 0.0515137
0 0 438 0.154248 0.0879034 -0.132577 -0.0959969
0 0 439 0.204541 0.124638 -0.0215671 -0.269535
0 0 440 0.219678 0.0328652 0.0320505 -0.111614
0 0 441 0.181592 -0.0349859 -0.0656623 0.0751572
0 0 442 0.051709 0.131581 0.121099 -0.144169
0 0 443 0.246533 0.0877772 0.127104 0.131092
0 0 444 0.0619629 0.103872 0.0365115 0.0853043
0 0 445 0.204541 -0.08346 -0.00269372 0.132679
0 0 446 0.310498 -0.0305046 -0.155139 -0.0886765
0 0 447 0.176221 0.046246 -0.0541667 -0.034153
0 0 448 0.110791 -0.158506 0.0149786 0.067482
0 0 449 0.309033 0.00585099 -0.119108 0.03722
0 0 450 0.236768 0.0541988 0.072714 -0.0439453
0 0 451 0.122021 0.170524 0.0864401 -0.0482674
0 0 452 0.177197 0.0340013 0.0691109 0.119621
0 0 453 0.0526855 0.0595006 -0.0834204 -0.0534744
0 0 454 0.343701 -0.101953 0.109174 0.0800972
0 0 455 0.111279 -0.14178 0.150438 -0.107113
0 0 456 0.106885 0.00540914 -0.0765574 0.0503654
0 0 457 0.144971 0.0745225 -0.1258 -0.0083046
0 0 458 0.00532227 0.0522422 -0.00844157 -0.139492
0 0 459 0.284619 0.111509 -0.0991197 -0.0332718
0 0 460 0.15083 0.207006 0.116981 0.0177231
0 0 461 0.0976074 0.106207 -0.102294 -0.069973
0 0 462 0.379346 -0.00778238 0.000652009 -0.242451
0 0 463 0.0185059 -0.0755703 -0.102723 0.00387192
0 0 464 0.0443848 0.0363997 -0.0745843 0.172821
0 0 465 0.1396 0.056976 0.0846386 -0.252243
0 0 466 0.22749 0.153608 0.134138 -0.0135078
0 0 467 0.0595215 0.103809 -0.18465 0.049221
0 0 468 0.136182 -0.159327 -0.0563971 -0.065033
0 0 469 0.082959 0.125332 -0.163375 -0.0891151
0 0 470 0.115674 0.10059 -0.0273149 -0.107819
0 0 471 0.0365723 0.0956668 -0.0885677 -0.00512695
0 0 472 0.206982 -0.0219838 0.0800918 0.0283089
0 0 473 -0.0322754 0.0109635 -0.126486 -0.0340652
0 0 474 0.0937012 -0.00614134 -0.00106377 -0.0465927
0 0 475 0.0565918 -0.0107489 0.0541838 -0.345673
0 0 476 0.0424316 0.0865148 0.0575296 -0.00733185
0 0 477 0.226025 0.0514216 0.0369404 -0.101028
0 0 478 0.316846 0.21944 5.14925e-05 0.0405731
0 0 479 0.0810059 0.187502 0.148122 0.00475311
0 0 480 0.23042 0.0336226 -0.273098 -0.140816
0 0 481 0.0956543 -0.0243822 0.0248443 0.0442772
0 0 482 0.302197 0.0889764 0.149923 0.0808907
0 0 483 0.0224121 -0.0534162 0.0736577 0.0666885
0 0 484 0.121533 -0.0479881 0.0755451 -0.10041
0 0 485 0.159131 0.225815 0.148208 0.0628052
0 0 486 0.257275 -0.0174393 0.0699688 -0.0169487
0 0 487 0.34126 0.00320002 0.197278 0.0256653
0 0 488 0.0443848 0.036021 0.0602748 0.0150757
0 0 489 0.168408 -0.051712 -0.0100715 -0.109936
0 0 490 0.348584 -0.0573294 -0.0454162 0.0223999
0 0 491 0.225537 0.0669485 0.0194396 -0.0439453
0 0 492 0.100537 -0.0926119 0.0109466 0.00219727
0 0 493 -0.0259277 -0.0897717 0.0503234 0.119534
0 0 494 0.222119 0.0385457 0.0157507 -0.0929108
0 0 495 0.27583 -0.0442641 0.122042 -0.201778
0 0 496 0.125439 -0.0375737 0.0236432 0.0100479
0 0 497 0.110791 0.121229 0.0599316 -0.0427971
0 0 498 0.0316895 -0.0485561 0.0960484 -0.044651
0 0 499 0.098584 -0.0734243 0.0258737 -0.0313301
0 0 500 0.0819824 -0.0228674 0.078376 0.0130463
0 0 501 0.123486 0.0807711 0.0135202 0.0148125
0 0 502 -0.0146973 -0.0111907 0.0142065 -0.151314
0 0 503 -0.0171387 -0.00942341 -0.0444726 -0.119289
0 0 504 0.241162 0.158658 -0.00415213 -0.0882339
0 0 505 0.222607 -0.0476094 0.00691455 -0.0399742
0 0 506 0.0165527 0.141364 -0.111902 -0.191986
0 0 507 0.0634277 -0.0349859 -0.0119588 -0.0619431
0 0 508 0.287061 -0.0823238 0.206115 0.0940361
0 0 509 0.237744 0.0194843 -0.0308323 -0.0243607
0 0 510 0.100537 0.0394294 -0.151708 -0.197632
0 0 511 0.0487793 -0.0534792 -0.312132 -0.209454
0 0 512 0.279248 0.0969292 -0.0044095 -0.197281
0 0 513 0.229443 0.0562816 0.0566717 -0.33041
0 0 514 0.179639 -0.032335 0.0345383 0.107624
0 0 515 0.249951 -0.219541 0.0895286 0.0036087
0 0 516 0.190869 -0.00229112 -0.0727826 0.0402222
0 0 517 0.0775879 0.105261 -0.0116157 0.0308685
0 0 518 0.267041 -0.0928644 -0.0197656 -0.141964
0 0 519 -0.0405762 -0.039909 -0.251394 -0.0739403
0 0 520 0.367627 0.222217 -0.0960313 0.0908623
0 0 521 0.150342 0.10829 -0.0387248 -0.139847
0 0 522 0.130811 -0.0784105 -0.058885 -0.119732
0 0 523 0.143506 0.104503 -0.190913 0.196556
0 0 524 0.044873 0.0687157 -0.0483331 -0.148666
0 0 525 0.0478027 -0.146514 0.0363399 -0.0324745
0 0 526 -0.117725 0.205301 -0.009471 -0.147961
0 0 527 0.102002 -0.00260679 -0.124341 -0.0317688
0 0 528 0.266553 -0.165702 -0.0153904 -0.122643
0 0 529 0.24165 -0.160463 0.131565 -0.125641
0 0 530 0.0297363 -0.100691 -0.227973 -0.0183601
0 0 531 0.421338 -0.106498 -0.234493 -0.119465
0 0 532 0.125439 -0.0392778 0.18767 -0.0263901
0 0 533 0.17915 0.0179694 0.0483502 0.00113678
0 0 534 0.334912 0.239764 0.0155792 -9.91821e-05
0 0 535 0.27876 -0.0152302 -0.0244839 0.0210762
0 0 536 0.221143 0.0615835 -0.181819 -0.237511
0 0 537 0.245557 -0.0477356 0.0587306 -0.111526
0 0 538 -0.0806152 0.0246599 0.0595885 0.133915
0 0 539 0.289014 0.129561 0.0167802 -0.0234756
0 0 540 0.106396 0.121734 0.022099 -0.0130653
0 0 541 0.109814 -0.110916 -0.0750132 0.0158691
0 0 542 0.193311 -0.0282324 -0.145531 -0.301739
0 0 543 -0.0161621 -0.0103071 -0.16775 -0.14761
0 0 544 0.309521 0.130886 -0.00852734 -0.184841
0 0 545 0.28999 -0.191895 -0.212446 0.0704803
0 0 546 0.113721 -0.105172 0.0251016 -0.21925
0 0 547 0.163037 0.0615835 -0.00981415 0.0576897
0 0 548 0.219678 -0.186152 0.128047 -0.250919
0 0 549 -0.0459473 0.0589326 -0.0671207 0.0535431
0 0 550 -0.0581543 0.128677 0.123329 -0.20319
0 0 551 0.344189 0.19009 0.102139 0.0651894
0 0 552 0.0561035 0.112204 -0.139612 0.157825
0 0 553 0.192822 0.252639 0.0986221 0.0807152
0 0 554 0.211377 0.0879034 -0.13944 0.0370445
0 0 555 0.391064 0.0637926 -0.127258 -0.140285
0 0 556 0.181592 0.0202417 0.0335947 0.00634384
0 0 557 0.0243652 -0.0426231 -0.270696 -0.0585899
0 0 558 0.151318 0.0435951 0.0386562 0.0552177
0 0 559 0.382764 0.0633508 -0.0464457 0.0838051
0 0 560 0.0175293 -0.157812 0.095019 -0.0438576
0 0 561 0.0687988 0.0151292 0.0800061 0.0778923
0 0 562 0.340771 -0.0856691 0.0605321 0.0765686
0 0 563 0.0780762 0.158595 -0.154453 0.11927
0 0 564 0.21626 -0.0941899 -0.140555 -0.0281525
0 0 565 0.132275 0.144646 -0.0518503 -0.110554
0 0 566 0.0341309 0.101852 0.0302489 0.166382
0 0 567 0.051709 0.0125414 -0.142014 0.0233688
0 0 568 0.128857 0.144204 -0.168608 -0.15855
0 0 569 0.15083 -0.0824501 -0.0022648 -0.0327415
0 0 570 0.325635 0.148496 -0.165348 -0.0901756
0 0 571 -0.0903809 0.186934 -0.0280012 0.0402222
0 0 572 -0.0371582 0.0515479 0.0279326 -0.0793228
0 0 573 0.143506 0.150894 -0.106926 0.131355
0 0 574 0.318311 0.0375358 0.0903864 -0.0779114
0 0 575 -0.0322754 0.103683 0.0182385 -0.156254
0 0 576 0.0702637 0.00465175 0.111319 0.0743637
0 0 577 0.193311 0.287543 0.0609611 0.106567
0 0 578 0.301221 0.288301 0.0541838 0.206966
0 0 579 0.0258301 0.088787 -0.150593 0.000431061
0 0 580 -0.00786133 -0.0828919 -0.147762 -0.0422707
0 0 581 0.0248535 0.176583 0.129334 0.0328102
0 0 582 0.255811 0.16579 -0.0971465 -0.0873528
0 0 583 0.168408 0.0972448 -0.00844157 -0.00874329
0 0 584 0.135205 -0.104352 0.0601032 0.0610428
0 0 585 0.206494 0.0541357 -0.11113 -0.179283
0 0 586 -0.0601074 0.0911224 0.0882417 -0.151226
0 0 587 0.082959 -0.0826394 -0.12743 0.084156
0 0 588 0.098584 0.0228926 0.0215843 -0.177429
0 0 589 0.195264 0.0490232 -0.128717 -0.0884094
0 0 590 0.0668457 -0.116786 -0.0255134 -0.0274467
0 0 591 0.0165527 0.0952881 -0.154968 0.0371323
0 0 592 0.112256 -0.0161138 -0.23904 -0.0223312
0 0 593 0.257764 0.0327389 0.170255 0.0200157
0 0 594 0.290967 -0.0241297 0.00228196 -0.00777435
0 0 595 0.186963 -0.148913 0.0154933 -0.173195
0 0 596 0.0839355 0.264127 0.0715988 0.00810623
0 0 597 0.194775 -0.0849116 -0.0720106 0.0653648
0 0 598 0.0683105 0.205617 -0.207041 -0.0794106
0 0 599 0.0766113 0.0259854 -0.0145325 0.0306931
0 0 600 -0.0708496 -0.160842 -0.0243981 -0.00389099
0 0 601 0.055127 -0.0548047 -0.0644612 0.131092
0 0 602 0.153271 0.151399 -0.123312 -0.171871
0 0 603 0.0839355 -0.0602959 -0.0700375 -0.0779114
0 0 604 0.0180176 -0.0500709 -0.0919135 0.0820389
0 0 605 -0.189014 0.0723135 -0.13884 0.117329
0 0 606 0.0336426 -0.0676806 -0.111902 -0.0464172
0 0 607 0.177197 -0.173844 0.0726283 0.0807152
0 0 608 -0.0156738 0.184157 0.0228711 0.0932426
0 0 609 0.0155762 -0.0243822 -0.0689222 0.158176
0 0 610 0.0736816 0.0829171 -0.0304891 -0.0180969
0 0 611 0.168896 -0.0996811 0.0243295 -0.0453568
0 0 612 0.180615 -0.0997442 -0.0871093 -0.0885887
0 0 613 0.044873 -0.0801778 -0.118765 -0.122555
0 0 614 0.0229004 0.0730077 0.0923595 -0.102615
0 0 615 0.191846 0.0452361 0.0758024 -0.207954
0 0 616 0.189404 0.0221983 -0.258428 -0.0362701
0 0 617 0.210889 0.217988 -0.0422421 -0.108704
0 0 618 0.191846 -0.00367973 -0.120481 -0.0531197
0 0 619 -0.103564 -0.0908447 0.0595027 0.0192223
0 0 620 0.188916 -0.0610533 -0.113618 0.117859
0 0 621 0.0487793 0.0824753 -0.133692 -0.118938
0 0 622 0.0507324 0.0399343 0.0800918 -0.182018
0 0 623 0.174756 -0.0292422 -0.0535661 0.0787735
0 0 624 0.175244 -0.0382049 -0.0504778 -0.115406
0 0 625 0.250928 -0.20212 -0.0166773 0.00387192
0 0 626 0.136182 0.106397 -0.0509067 -0.128643
0 0 627 0.160107 0.0610154 -0.188082 -0.0973206
0 0 628 0.0487793 0.14534 0.00931662 0.101536
0 0 629 0.146924 0.196591 -0.137124 -0.110378
0 0 630 0.389111 0.0895444 0.167081 0.0673065
0 0 631 0.0956543 -0.0111276 0.0247585 0.0784225
0 0 632 0.199658 -0.120952 -0.161488 -0.0408592
0 0 633 0.137646 0.0766685 0.0721993 -0.129082
0 0 634 0.102002 0.0248493 -0.196232 0.00863647
0 0 635 0.0810059 0.00446238 -0.116878 -0.0912323
0 0 636 0.0019043 0.0140562 0.0325652 -0.223572
0 0 637 0.177197 0.130129 -0.044301 -0.165607
0 0 638 0.0722168 0.0518635 0.0958769 -0.171959
0 0 639 0.224072 -0.0202796 -0.0352075 -0.0330048
0 0 640 0.0966309 -0.0547416 0.071513 -0.0725288
0 0 641 0.0751465 -0.00140754 -0.00861312 -0.0107727
0 0 642 0.111279 0.19798 0.0928743 -0.0333595
0 0 643 0.179639 0.0143718 -0.0144467 0.147148
0 0 644 0.119092 -0.139887 -0.171353 0.0266342
0 0 645 0.0839355 -0.0659134 -0.127601 -0.0633545
0 0 646 0.104932 -0.0023543 -0.102294 -0.0882339
0 0 647 0.305127 0.0165809 -0.0373522 -0.157932
0 0 648 0.306592 0.0186007 0.0586448 -0.193047
0 0 649 0.361279 0.140606 0.0467203 -0.0304489
0 0 650 0.212354 0.161498 -0.141499 -0.0442085
0 0 651 0.212842 -0.0186385 0.000652009 -0.10041
0 0 652 0.169873 0.113971 -0.0514214 -0.00768661
0 0 653 0.221631 0.0293937 -0.0521935 -0.0310631
0 0 654 0.125928 0.0605736 -0.0647186 -0.0159798
0 0 655 0.201123 -0.0655978 -0.00681157 0.00907898
0 0 656 0.0541504 -0.075381 0.0179812 0.177235
0 0 657 0.165479 0.0427746 0.0685104 -0.0185356
0 0 658 0.131299 -0.0133998 -0.162088 -0.0560341
0 0 659 0.200146 -0.0513332 0.0578727 -0.179634
0 0 660 0.157666 0.133916 -0.0605149 -0.0346832
0 0 661 0.0565918 0.103052 -0.126572 -0.163933
0 0 662 -0.153857 0.00654527 -0.0554534 -0.0380363
0 0 663 0.305127 0.181569 -0.111816 0.0323677
0 0 664 0.086377 -0.0406033 -0.00380898 -0.0750885
0 0 665 -0.00249023 0.175636 -0.15145 -0.032299
0 0 666 0.145947 -0.0282324 0.150867 -0.0259476
0 0 667 0.366162 0.0674534 -0.0662627 0.00793076
0 0 668 0.180127 0.0889764 -0.0509067 -0.204338
0 0 669 -0.0654785 -0.207864 -0.211502 0.0363388
0 0 670 0.118604 0.0766054 -0.0250845 0.0190468
0 0 671 0.0336426 -0.1195 -0.16123 -0.0511818
0 0 672 0.179639 -0.00184933 -0.212789 0.0139313
0 0 673 -0.152881 0.00351562 -0.139011 -0.00706863
0 0 674 0.0258301 0.197096 -0.0300602 0.142914
0 0 675 -4.88281e-05 -0.057077 -0.0022648 0.0409279
0 0 676 0.268018 0.0671378 0.102397 0.0940361
0 0 677 0.159619 0.0208098 0.0287905 -0.175575
0 0 678 -0.0166504 -0.09318 0.0661083 0.0587463
0 0 679 -0.0366699 0.0434689 -0.102208 0.141415
0 0 680 -0.069873 0.0550193 0.0611327 -0.297504
0 0 681 0.0697754 0.153419 0.0628484 0.0948334
0 0 682 0.0229004 0.0285732 0.182694 -0.00354004
0 0 683 -0.0132324 -0.0891405 0.0117187 -0.155903
0 0 684 0.110791 -0.115208 0.00416928 -0.0427971
0 0 685 0.0927246 -0.0383942 -0.0117873 -0.134201
0 0 686 -0.0796387 -0.0287373 0.103169 0.0957146
0 0 687 0.148877 0.171092 0.0207264 -0.128643
0 0 688 0.0932129 -0.0067725 -0.0484189 -0.144081
0 0 689 0.0800293 -0.152447 0.0957053 -0.0195084
0 0 690 0.0341309 0.0612048 0.114064 -0.121231
0 0 691 0.232861 0.160236 -0.0192509 -0.101379
0 0 692 0.159131 -0.0101808 -0.0542524 -0.121056
0 0 693 0.15376 -0.0169975 0.104112 0.0160484
0 0 694 0.107861 -0.00330106 0.0523823 0.0533676
0 0 695 0.0150879 0.102736 0.056929 -0.142052
0 0 696 0.173779 0.0161391 -0.0081842 0.0402222
0 0 697 -0.0410645 0.0857574 0.0120618 0.148209
0 0 698 0.0521973 0.127541 -0.0359795 -0.046505
0 0 699 0.198682 -0.0215419 0.11475 0.0132256
0 0 700 0.112744 0.0191687 0.0515244 -0.115318
0 0 701 0.260693 0.164149 -0.0142751 0.0561905
0 0 702 0.301221 0.0608892 -0.0768148 0.000343323
0 0 703 0.171826 0.0576071 0.00193881 0.00299072
0 0 704 0.292432 0.272458 -0.106583 -0.0710297
0 0 705 0.143994 0.284514 -0.371669 0.0572472
0 0 706 0.117627 0.103746 -0.00020588 0.0134888
0 0 707 0.336865 0.0178432 -0.169809 -0.0378571
0 0 708 0.184521 -0.0763277 0.0374551 0.0435753
0 0 709 0.0941895 -0.012958 -0.0389822 -0.0457115
0 0 710 0.0194824 0.18422 -0.0535661 0.0890083
0 0 711 0.186963 0.0167071 -0.00621105 -0.092823
0 0 712 0.178174 -0.09318 0.321328 -0.0753517
0 0 713 0.261182 0.0859468 0.154127 0.0218697
0 0 714 0.163037 0.0509167 -0.113017 0.0417213
0 0 715 0.251904 -0.0607378 -0.172726 -0.151756
0 0 716 0.0321777 0.251693 -0.0861657 -0.0389175
0 0 717 0.126904 0.0398712 0.102139 -0.0303574
0 0 718 -0.00493164 0.000549158 0.0987078 -0.0886765
0 0 719 0.0697754 -0.177757 -0.020023 -0.0111275
0 0 720 0.0526855 -0.0760121 -0.110186 0.0139313
0 0 721 0.132275 0.0717454 -0.0938008 0.0222244
0 0 722 0.257764 0.0089437 -0.0197656 -0.0961761
0 0 723 0.0897949 0.0725659 0.0639636 0.0158691
0 0 724 0.0980957 0.222722 -0.0176209 -0.116024
0 0 725 0.0966309 -0.0476094 -0.0208808 0.11433
0 0 726 0.262158 -0.0649035 0.128991 -0.0343285
0 0 727 0.0121582 0.0631614 -0.0246555 -0.127846
0 0 728 0.0995605 0.0781833 -0.0469605 -0.0440331
0 0 729 0.251416 -0.125812 0.00691455 -0.0333595
0 0 730 0.082959 0.0394925 -0.109414 -0.0271835
0 0 731 -0.0415527 -0.00191245 -0.232263 0.13409
0 0 732 0.207471 0.0265534 -0.127258 0.0534554
0 0 733 0.109326 0.157143 -0.111559 0.0627174
0 0 734 -0.0469238 -0.0823869 -0.208585 -0.129612
0 0 735 -0.118213 -0.190065 0.0227854 0.0797462
0 0 736 0.219678 0.141932 0.0560712 -0.159431
0 0 737 -4.88281e-05 -0.0108751 0.0341952 -0.413696
0 0 738 0.152295 -0.256464 0.0209838 0.229992
0 0 739 0.231396 0.023082 -0.0216529 -0.076767
0 0 740 0.284619 -0.0318932 0.0492939 -0.0516205
0 0 741 0.0189941 0.022009 0.161505 0.165501
0 0 742 0.240674 0.0751537 0.0734004 0.154205
0 0 743 0.123975 -0.0217313 -0.0902835 0.0018425
0 0 744 0.095166 0.181254 -0.173155 0.014637
0 0 745 0.0336426 0.298147 0.259561 0.0119019
0 0 746 0.0194824 -0.0152933 -0.0706379 0.0565414
0 0 747 0.303174 0.00869127 -0.0362369 0.137619
0 0 748 0.279736 0.11233 0.124101 -0.231159
0 0 749 0.374463 -0.0331555 -0.208671 -0.0114784
0 0 750 0.155713 0.179045 -0.109414 -0.00600815
0 0 751 0.0609863 -0.0682487 0.0668805 0.0765686
0 0 752 0.048291 0.0993907 0.223701 -0.0701485
0 0 753 0.175244 0.0759111 -0.0439578 0.0588379
0 0 754 0.0165527 -0.0670495 -0.0414699 0.0343971
0 0 755 0.28999 0.0380408 -0.00449527 0.154648
0 0 756 0.0839355 0.0415122 -0.0716674 -0.063797
0 0 757 0.0668457 0.0395556 -0.172469 -0.150608
0 0 758 0.0194824 0.0631614 -0.143815 -0.0159798
0 0 759 0.0897949 0.139975 -0.084021 -0.11982
0 0 760 0.134717 0.129182 -0.102208 -0.0604439
0 0 761 0.224072 0.0658755 -0.0985191 0.0595436
0 0 762 0.0580566 -0.0226149 0.068682 -0.033535
0 0 763 0.0614746 0.124006 -0.0648043 0.138767
0 0 764 0.0956543 -0.0423075 -0.0466173 -0.100674
0 0 765 0.221143 -0.108833 -0.198119 0.0356331
0 0 766 0.240186 0.102799 -0.0859083 -0.0180092
0 0 767 0.1396 -0.105299 0.0248443 -0.0781784
0 0 768 0.268994 0.149506 -0.00252218 0.0232811
0 0 769 0.228467 0.127983 -0.0907124 -0.0780869
0 0 770 0.18208 -0.0861109 -0.0756995 0.0558357
0 0 771 0.140088 0.0610154 -0.15308 0.105244
0 0 772 0.300732 -0.102711 0.198823 0.0409279
0 0 773 0.267041 0.0401236 -0.0182214 -0.02145
0 0 774 0.258252 -0.0652821 -0.075871 0.0186958
0 0 775 0.10835 0.0793195 -0.126486 0.0717163
0 0 776 0.226025 0.0873353 -0.165005 -0.11285
0 0 777 0.0785645 0.0922585 -0.0859083 -0.0569153
0 0 778 0.395459 0.257878 -0.166892 -0.0320358
0 0 779 0.431104 0.223795 0.0734004 0.079216
0 0 780 0.279736 -0.0563827 -0.42031 -0.0284195
0 0 781 0.324658 0.180812 -0.07304 0.123154
0 0 782 0.410107 0.152535 -0.126658 -0.039711
0 0 783 0.381299 0.0938364 -0.0950018 -1.14441e-05
0 0 784 0.214307 -0.16324 -0.0591424 -0.106937
0 0 785 0.336377 0.0725659 -0.0432715 0.0313988
0 0 786 0.408154 0.0176539 0.0900432 -0.0270958
0 0 787 0.43208 0.119588 -0.220681 0.0428658
0 0 788 0.462354 0.132275 -0.23355 0.0515137
0 0 789 0.547803 0.0552718 0.0311926 -0.0145683
0 0 790 0.379346 0.123628 -0.107698 -0.0457115
0 0 791 0.320264 0.12874 -0.150078 -0.0437698
0 0 792 0.494092 0.0820966 0.108917 -0.0760612
0 0 793 0.343701 0.202587 -0.0274866 -0.0207405
0 0 794 0.451611 0.103241 0.0491223 -0.0149193
0 0 795 0.496533 0.0647394 -0.217422 0.0126076
0 0 796 0.44624 0.0476346 -0.213818 0.103127
0 0 797 0.583936 -0.00519458 -0.0501345 -0.108349
0 0 798 0.749463 0.0743963 -0.0400974 0.242344
0 0 799 0.656201 -0.0742448 -0.280562 0.0550423
0 0 800 0.74458 0.0884715 -0.0484189 -0.0451813
0 0 801 0.699658 0.0593744 -0.304068 -0.158108
0 0 802 0.829053 0.0526209 -0.0160767 -0.0575333
0 0 803 0.643018 0.230612 -0.203352 -0.112057
0 0 804 0.580518 0.101411 -0.0619733 0.00687027
0 0 805 0.709912 0.158405 -0.0673781 -0.170197
0 0 806 0.494092 -0.0481143 -0.225571 0.0358963
0 0 807 0.718701 -0.180787 -0.138411 0.0206337
0 0 808 0.870557 0.244371 0.107458 0.143002
0 0 809 0.734814 -0.0690061 0.141001 -0.0343285
0 0 810 0.734814 -0.0978507 -0.00320846 -0.00786209
0 0 811 0.837354 -0.0750654 -0.070209 -0.268566
0 0 812 0.908154 -0.0304414 0.000823551 -0.0743828
0 0 813 0.851514 0.0544512 -0.149392 0.0456009
0 0 814 0.508252 -0.103468 0.293533 0.221436
0 0 815 0.523389 0.183021 -0.100321 -0.0418282
0 0 816 0.641064 -0.167153 -0.0225108 -0.0562973
0 0 817 0.832471 -0.00891844 0.0333373 -0.152107
0 0 818 0.63374 0.116559 0.0349672 0.0494843
0 0 819 0.694775 0.0752168 0.120241 0.0431328
0 0 820 0.564404 0.120787 -0.119194 -0.0720024
0 0 821 0.527783 0.00787075 -0.0655764 -0.0825882
0 0 822 0.687939 0.100653 -0.035808 0.0412788
0 0 823 0.457471 0.0234607 0.0565859 -0.0709419
0 0 824 0.317822 -0.014031 0.0355678 -0.151756
0 0 825 0.642529 0.203534 -0.0237118 -0.0503845
0 0 826 0.635205 0.101852 0.193332 -0.0562096
0 0 827 0.604932 -0.0512702 0.0302489 -0.0186234
0 0 828 0.695752 0.157143 -0.177444 -0.106495
0 0 829 0.484814 0.202335 0.0838665 -0.10685
0 0 830 0.586865 -0.0031117 0.129592 -0.0832062
0 0 831 0.48335 -0.0159245 0.209117 -0.0115662
0 0 832 0.607861 0.00553539 -0.0879672 -0.209454
0 0 833 0.678174 0.146981 0.0578727 -0.258419
0 0 834 0.360303 0.149127 0.0555564 -0.150963
0 0 835 0.453564 0.170271 0.346721 0.0964203
0 0 836 0.476514 0.00616654 -0.0171919 0.0293694
0 0 837 0.383252 0.156322 0.0807781 0.0277824
0 0 838 0.687451 0.012857 0.11578 -0.209015
0 0 839 0.471143 0.0791301 -0.190227 -0.0235672
0 0 840 0.457959 -0.0946317 0.0524681 -0.153431
0 0 841 0.498975 0.233641 -0.0604292 -0.00530243
0 0 842 0.495068 -0.0857321 -0.146989 -0.153343
0 0 843 0.43208 -0.16223 0.0562427 -0.0765877
0 0 844 0.549756 0.216663 -0.237582 -0.0623856
0 0 845 0.375439 0.0141193 -0.0158193 0.00784302
0 0 846 0.503369 -0.0214157 0.0951906 0.0337791
0 0 847 0.581982 0.051611 0.0535833 -0.0794106
0 0 848 0.450635 0.046246 -0.170152 -0.0751762
0 0 849 0.410107 0.122365 -0.0704664 -0.22216
0 0 850 0.484814 0.280285 0.11312 0.127651
0 0 851 0.291943 0.141806 -0.0954307 -0.123081
0 0 852 0.38667 0.140922 -0.243844 0.00687027
0 0 853 0.527295 0.126152 -0.0539093 -0.0120964
0 0 854 0.360791 0.120787 0.0181528 0.162411
0 0 855 0.485791 -0.0531637 -0.00475264 -0.087616
0 0 856 0.317334 0.26236 -0.0456736 -0.0227699
0 0 857 0.462354 -0.015167 0.0749445 0.020546
0 0 858 0.71333 0.211487 0.197622 -0.135082
0 0 859 0.615674 0.240142 -0.216478 0.0364265
0 0 860 0.212842 0.0588064 0.000995153 -0.148758
0 0 861 0.512646 0.0610154 0.103426 -0.124847
0 0 862 0.560986 0.0452993 -0.0835919 0.0120773
0 0 863 0.573193 0.0682739 0.0901291 -0.00062561
0 0 864 0.394482 0.0269321 -0.0659196 -0.0848808
0 0 865 0.484326 0.197727 -0.0349501 -0.057354
0 0 866 0.627393 0.260277 0.005113 0.0861855
0 0 867 0.422314 -0.0209108 0.0170375 -0.27536
0 0 868 0.411084 0.108417 -0.161059 0.0768356
0 0 869 0.367139 0.0490863 -0.0590565 0.0186043
0 0 870 0.570752 0.023082 -0.0206235 0.152443
0 0 871 0.334424 0.127667 0.0495512 0.0113716
0 0 872 0.484326 -0.107066 0.0805208 0.036869
0 0 873 0.568799 -0.0712783 -0.0667775 0.0288391
0 0 874 0.57124 0.110436 -0.0863372 0.00598907
0 0 875 0.43208 -0.0260232 -0.0660054 -0.0825882
0 0 876 0.5229 -0.145126 0.0335089 -0.127319
0 0 877 0.566846 -0.010812 -3.43382e-05 -0.00336075
0 0 878 0.435986 0.113466 -0.0183929 0.105156
0 0 879 0.378857 -0.00538389 0.0878128 -0.00583267
0 0 880 0.373975 -0.0121375 0.0249301 -0.00406647
0 0 881 0.398389 -0.00980214 0.0395998 0.0049324
0 0 882 0.368115 -0.144242 0.118268 0.0569839
0 0 883 0.418408 -0.0682487 0.0638779 -0.218632
0 0 884 0.433545 0.0906806 0.257502 0.175117
0 0 885 0.634717 0.182201 0.0480071 0.0336914
0 0 886 0.3354 0.174248 0.0430313 0.120064
0 0 887 0.398877 0.126468 -0.120309 0.0634232
0 0 888 0.627881 0.134105 0.0374551 -0.099617
0 0 889 0.604932 0.0148136 0.042774 0.115829
0 0 890 0.604443 0.0550824 -0.0192509 -0.122555
0 0 891 0.529736 0.0974972 -0.00535316 -0.0790596
0 0 892 0.511182 0.0121627 -0.0105005 -0.0642357
0 0 893 0.577588 -0.0917283 0.0438034 -0.0518875
0 0 894 0.540967 0.0803293 -3.43382e-05 -0.210957
0 0 895 0.42085 0.0362735 -0.0137604 -0.179195
0 0 896 0.674268 -0.00904469 0.177719 -0.113113
0 0 897 0.458447 0.0281945 0.0996515 -0.0510025
0 0 898 0.408154 -0.0826394 -0.155397 -0.137287
0 0 899 0.621045 -0.0605484 0.0205548 -0.16605
0 0 900 0.600049 -0.0297472 0.0504949 0.0344849
0 0 901 0.512646 0.232694 0.106171 -0.167812
0 0 902 0.540479 -0.118364 -0.0825626 -0.17831
0 0 903 0.517041 0.00534602 0.0793198 0.0931549
0 0 904 0.650342 0.0990752 0.0214985 0.00342941
0 0 905 0.522412 0.106523 -0.011101 0.0358963
0 0 906 0.742139 -0.149544 0.044404 0.00528336
0 0 907 0.52583 -0.00847665 0.19745 -0.04562
0 0 908 0.663525 0.201641 0.0507523 -0.0375938
0 0 909 0.609814 -0.0513332 -0.118165 -0.0521507
0 0 910 0.498975 0.0546406 0.0177239 -0.20628
0 0 911 0.717725 0.101221 -0.189626 0.0232811
0 0 912 0.783154 -0.0262126 -0.0135889 0.0780678
0 0 913 0.547314 0.0929528 0.0782045 0.116978
0 0 914 0.515576 0.117064 -0.0421563 -0.149021
0 0 915 0.736279 0.151462 -0.0368375 0.00475311
0 0 916 0.575635 0.036526 -0.0115299 -0.173988
0 0 917 0.593213 0.021504 -0.0310897 -0.18581
0 0 918 0.626904 -0.085101 -0.0924282 -0.046505
0 0 919 0.562451 0.179928 0.0249301 0.221611
0 0 920 0.80415 -0.0198378 0.0649073 0.0824814
0 0 921 0.902783 -0.154719 -0.0580272 0.0018425
0 0 922 0.665967 -0.133323 0.17137 -0.11179
0 0 923 1.02876 -0.0946317 0.0460339 0.197437
0 0 924 0.92085 0.0531258 0.148122 0.270222
0 0 925 0.962354 -0.157307 0.246435 0.108154
0 0 926 0.923779 -0.0868051 0.239915 0.0728645
0 0 927 1.06831 0.046751 0.173086 0.0842438
0 0 928 1.09077 -0.0471044 0.329049 0.0867157
0 0 929 1.46089 0.0100167 0.398881 0.114594
0 0 930 1.7231 -0.389894 0.590188 -0.0447388
0 0 931 1.67817 -0.204961 0.447866 0.107887
0 0 932 1.67915 -0.119626 0.57243 -0.0175667
0 0 933 1.81685 -0.29566 0.565224 0.119534
0 0 934 1.61958 -0.323495 0.840175 0.27375
0 0 935 1.65474 -0.357831 0.51967 0.151119
0 0 936 1.72993 -0.209505 0.780466 0.0392494
0 0 937 1.69233 -0.313964 0.585127 0.116623
0 0 938 1.76118 -0.134774 0.584955 0.0984497
0 0 939 1.95942 -0.240622 0.686614 -0.0445633
0 0 940 1.62886 -0.17498 0.434912 -0.0394478
0 0 941 1.62593 -0.486274 0.473602 -0.0902634
0 0 942 1.65083 -0.30071 0.462192 0.0941277
0 0 943 1.60737 -0.212913 0.448724 0.0364265
0 0 944 1.45796 -0.455599 0.539831 0.0390739
0 0 945 1.3647 -0.136289 0.232452 0.0523071
0 0 946 1.35835 -0.484633 0.166566 -0.136845
0 0 947 1.40962 -0.317688 0.362335 -0.0910568
0 0 948 1.41157 -0.2665 0.348437 -0.00627518
0 0 949 1.50532 -0.363764 0.460734 0.114506
0 0 950 1.6689 -0.0365638 0.177719 0.0456009
0 0 951 1.64985 -0.260883 0.217782 0.240757
0 0 952 1.68843 -0.35903 0.163478 0.0225754
0 0 953 1.58882 -0.158317 0.10823 0.0389862
0 0 954 1.60933 -0.291621 0.131393 -0.0868225
0 0 955 1.7231 -0.1361 -0.0741553 -0.0642357
0 0 956 1.78364 0.032234 0.285383 0.0947418
0 0 957 1.8564 -0.179651 0.243347 0.147766
0 0 958 1.97944 -0.407188 0.203541 0.0899811
0 0 959 1.92036 -0.208811 0.0936463 0.0109291
0 0 960 1.84175 -0.149922 0.00897347 0.125179
0 0 961 1.92817 -0.172645 0.0364256 0.0981827
0 0 962 2.01313 -0.0840911 0.0835234 0.0691566
0 0 963 1.91743 -0.0935587 -0.0561398 -0.0227699
0 0 964 2.03511 -0.0239404 0.058988 -0.141171
0 0 965 2.28022 -0.205718 -0.128631 -0.25436
0 0 966 2.19185 -0.159453 -0.063346 -0.251007
0 0 967 2.3144 -0.105803 0.0581301 0.0153427
0 0 968 2.31733 -0.175422 -0.233893 -0.0231247
0 0 969 2.56929 -0.148786 -0.19769 -0.119732
0 0 970 2.47798 -0.231407 -0.0750132 -0.189957
0 0 971 2.61909 0.0384826 -0.0510783 -0.203808
0 0 972 2.72114 0.148812 -0.218365 0.0290146
0 0 973 2.79292 0.16377 -0.0353791 -0.0146561
0 0 974 3.08003 0.27574 -0.133606 -0.0795898
0 0 975 2.97749 0.157837 -0.102294 -0.0675011
0 0 976 3.26655 0.305153 -0.160115 -0.0613251
0 0 977 3.50532 0.38487 -0.16552 -0.212013
0 0 978 3.69136 0.366566 -0.134379 -0.39949
0 0 979 4.12886 0.622065 -0.111216 -0.62508
0 0 980 4.2519 0.697427 -0.235523 -0.493805
0 0 981 4.41792 0.789578 -0.146904 -0.63073
0 0 982 4.61372 0.740473 -0.0394111 -0.621906
0 0 983 4.95796 0.926416 -0.000377482 -0.80162
0 0 984 5.02437 0.975963 0.318068 -1.12461
0 0 985 5.28999 1.07272 0.163907 -1.03206
0 0 986 5.5605 1.01617 0.286069 -1.17252
0 0 987 5.6894 1.42776 0.614552 -1.36952
0 0 988 5.75142 1.23803 0.69871 -1.47866
0 0 989 5.81147 1.30752 1.00309 -1.56326
0 0 990 5.81245 1.04678 0.881525 -1.78621
0 0 991 5.73091 1.24831 1.25796 -1.91854
0 0 992 5.79634 1.41785 1.35671 -1.76794
0 0 993 5.62544 1.30114 1.5119 -2.22733
0 0 994 5.70698 1.15768 1.69728 -2.34811
0 0 995 5.78071 1.11539 2.04944 -2.42019
0 0 996 5.61323 1.24434 1.98613 -2.29341
0 0 997 5.57271 1.03889 1.9326 -2.56541
0 0 998 5.45259 0.633047 1.92745 -2.48503
0 0 999 5.46382 0.531239 2.39062 -2.53047
0 0 1000 5.54927 0.299914 2.29643 -2.41331
0 0 1001 5.33003 0.321311 2.31959 -2.5145
0 0 1002 5.43696 0.23099 2.27713 -2.42222
0 0 1003 5.21821 -0.0445797 2.10229 -2.09332
0 0 1004 5.06538 -0.0119481 2.29677 -1.9998
0 0 1005 4.81978 -0.162483 2.24204 -1.76547
0 0 1006 4.73579 -0.239107 2.23612 -1.76415
0 0 1007 4.77046 -0.437674 1.93217 -1.41434
0 0 1008 4.53315 -0.426818 1.86346 -1.2783
0 0 1009 4.50728 -0.38232 1.77672 -1.47883
0 0 1010 4.19966 -0.544784 2.03134 -0.848026
0 0 1011 4.12886 -0.391914 1.67489 -0.822529
0 0 1012 3.77095 -0.576279 1.58001 -0.795002
0 0 1013 3.78755 -0.640344 1.77218 -0.719128
0 0 1014 3.5688 -0.44083 1.69728 -0.599937
0 0 1015 3.29927 -0.528437 1.40166 -0.730686
0 0 1016 2.87935 -0.561068 1.51927 -0.346733
0 0 1017 2.58589 -0.538472 1.46377 -0.501392
0 0 1018 2.44966 -0.340095 1.24046 -0.216866
0 0 1019 2.22847 -0.40277 1.05816 -0.305355
0 0 1020 2.06929 -0.383709 1.1461 -0.161549
0 0 1021 1.95552 -0.520989 0.979667 0.171322
0 0 1022 1.76411 -0.242326 1.05842 0.0927162
0 0 1023 1.69771 -0.167595 0.744607 -0.0357399
